-0.7463027239 2.4730618000
-0.7019357681 2.0340149403
-0.6384016871 1.7013224363
-0.5761786699 1.4189157486
-0.5075938106 1.1851130724
-0.4438150525 0.9837682247
-0.3874295950 0.8100513220
-0.3294639289 0.6658809781
-0.2545895875 0.5548180938
-0.1752585471 0.4626939893
-0.1100313738 0.3799522817
-0.0476769283 0.3128283024
-0.0142042488 0.2552324831
0.0043861568 0.2083309740
0.0167741403 0.1695515066
0.0125887766 0.1382701248
0.0069428906 0.1132800058
-0.0153879449 0.0939515382
-0.0295446739 0.0776006654
-0.0291396156 0.0640893653
-0.0198318064 0.0532786138
-0.0345456898 0.0444619693
-0.0144776478 0.0375361629
0.0040354133 0.0310188420
-0.0004684627 0.0269112289
0.0006607100 0.0231055524
-0.0097069964 0.0191115029
0.0154568925 0.0159210376
0.0167037025 0.0139366016
0.0082523972 0.0102844993
0.0131993145 0.0084844735
0.0086956844 0.0068890909
0.0030869320 0.0055776611
-0.0109387562 0.0045934035
-0.0024469346 0.0030800670
-0.0037485734 0.0015448111
0.0023407787 0.0008469764
0.0021773130 0.0004922956
-0.0046341419 0.0002085567
0.0015630797 0.0001148671
0.0167341605 0.0000497344
0.0119809732 0.0000681013
0.0039211735 0.0000937577
0.0123221576 0.0000479915
0.0117309317 0.0000674994
-0.0040488318 0.0000323721
0.0009368360 0.0000138237
-0.0083834380 0.0000083742
0.0089494064 0.0000070544
-0.0066896081 0.0000107313
0.0132243633 0.0000088426
0.0047168136 0.0000132001
0.0017342269 0.0000097665
-0.0024746582 0.0000049424
0.0095394105 0.0000030904
0.0111597106 0.0000038435
-0.0020943284 0.0000024083
0.0021572784 0.0000014573
-0.0027691573 0.0000010158
0.0025361180 0.0000008947
-0.0022006780 0.0000007350
0.0021345541 0.0000005564
-0.0016311109 0.0000004450
0.0016746446 0.0000004122
-0.0012003407 0.0000003628
0.0013863370 0.0000003070
-0.0010094270 0.0000002556
0.0013630688 0.0000001887
0.0073011443 0.0000001584
0.0045293123 0.0000001667
0.0027049109 0.0000001671
0.0002018288 0.0000001625
0.0001179501 0.0000001427
-0.0010550767 0.0000001149
0.0000216514 0.0000001122
-0.0001353249 0.0000000979
0.0001390651 0.0000000703
0.0001147091 0.0000000553
-0.0000867173 0.0000000507
0.0000593215 0.0000000451
-0.0000194386 0.0000000365
0.0005304143 0.0000000346
-0.0000400245 0.0000000337
-0.0015184507 0.0000000325
-0.0008315891 0.0000000320
0.0003770292 0.0000000319
0.0009629503 0.0000000307
0.0004656613 0.0000000306
0.0003730357 0.0000000305
0.0002069697 0.0000000300
0.0000360087 0.0000000296
-0.0000055358 0.0000000282
0.0000106171 0.0000000267
0.0000507310 0.0000000255
-0.0000063702 0.0000000248
-0.0000086501 0.0000000240
0.0000501424 0.0000000221
-0.0000012517 0.0000000189
0.0000349879 0.0000000186
0.0000259653 0.0000000181
-0.0000064820 0.0000000176
-0.0000114664 0.0000000170
0.0000023097 0.0000000165
-0.0000452772 0.0000000158
0.0000414327 0.0000000139
-0.0000601336 0.0000000136
0.0000156313 0.0000000132
-0.0000093877 0.0000000123
0.0000408068 0.0000000119
0.0000207573 0.0000000113
0.0000114441 0.0000000096
-0.0000064075 0.0000000074
-0.0000149012 0.0000000071
-0.0000092760 0.0000000070
-0.0000192821 0.0000000065
0.0000121072 0.0000000062
0.0000044033 0.0000000060
-0.0000194758 0.0000000056
-0.0000012890 0.0000000054
-0.0000093058 0.0000000053
-0.0000048280 0.0000000052
0.0000080615 0.0000000050
-0.0000106469 0.0000000047
0.0000027940 0.0000000044
-0.0000095069 0.0000000044
-0.0000001118 0.0000000044
-0.0000012442 0.0000000041
-0.0000216961 0.0000000040
0.0000067577 0.0000000039
-0.0000160933 0.0000000037
0.0000180826 0.0000000036
0.0000003800 0.0000000036
-0.0000100881 0.0000000035
-0.0000067055 0.0000000034
0.0000058189 0.0000000030
-0.0000269488 0.0000000030
-0.0000014678 0.0000000030
0.0000372827 0.0000000029
-0.0000026450 0.0000000028
-0.0000026450 0.0000000028
0.0000073165 0.0000000027
0.0000087842 0.0000000026
-0.0000653118 0.0000000026
-0.0000432283 0.0000000026
-0.0000142530 0.0000000026
0.0000658631 0.0000000026
0.0000325665 0.0000000025
0.0000033900 0.0000000025
-0.0000140965 0.0000000025
-0.0000026524 0.0000000025
-0.0000054017 0.0000000025
-0.0000074878 0.0000000025
-0.0000129491 0.0000000024
-0.0000082627 0.0000000023
-0.0000034273 0.0000000023
0.0000047162 0.0000000023
0.0000031739 0.0000000022
0.0000004321 0.0000000022
0.0000023171 0.0000000022
-0.0000050738 0.0000000022
0.0000144988 0.0000000021
-0.0000028536 0.0000000021
0.0000034198 0.0000000021
-0.0000003427 0.0000000020
0.0000016242 0.0000000020
0.0000094548 0.0000000020
-0.0000163168 0.0000000020
-0.0000117198 0.0000000020
-0.0000030547 0.0000000020
-0.0000095665 0.0000000019
0.0000007600 0.0000000018
-0.0000007004 0.0000000018
-0.0000178963 0.0000000017
0.0000188500 0.0000000017
0.0000047833 0.0000000016
0.0000049993 0.0000000016
-0.0000029206 0.0000000016
-0.0000078753 0.0000000015
0.0000084564 0.0000000015
-0.0000296384 0.0000000015
-0.0000170097 0.0000000014
0.0000071451 0.0000000014
0.0000300780 0.0000000014
-0.0000031218 0.0000000014
-0.0000041351 0.0000000013
-0.0000045002 0.0000000013
0.0000024214 0.0000000013
-0.0000040904 0.0000000013
0.0000002161 0.0000000012
0.0000062734 0.0000000012
-0.0000155866 0.0000000011
0.0000157058 0.0000000011
-0.0000044033 0.0000000011
0.0000222996 0.0000000011
-0.0000023022 0.0000000011
-0.0000009239 0.0000000011
-0.0000256151 0.0000000010
-0.0000050589 0.0000000010
0.0000034720 0.0000000010
-0.0000129491 0.0000000010
0.0000004321 0.0000000010
0.0000048503 0.0000000010
-0.0000008047 0.0000000009
-0.0000043884 0.0000000009
-0.0000052378 0.0000000009
-0.0000049472 0.0000000009
0.0000109076 0.0000000009
-0.0000007749 0.0000000009
-0.0000203699 0.0000000008
-0.0000073239 0.0000000008
0.0000006631 0.0000000008
0.0008452907 0.0000000008
0.0006363988 0.0000000008
0.0005090013 0.0000000008
0.0003504083 0.0000000008
0.0002834871 0.0000000008
-0.0000217184 0.0000000008
-0.0000014901 0.0000000008
-0.0000105202 0.0000000008
0.0000172928 0.0000000008
-0.0000007153 0.0000000008
0.0000050962 0.0000000008
0.0000312403 0.0000000007
-0.0000042096 0.0000000007
0.0000032634 0.0000000007
0.0000236258 0.0000000007
-0.0000069886 0.0000000007
0.0000329614 0.0000000007
-0.0000039563 0.0000000007
-0.0000054687 0.0000000006
0.0000023916 0.0000000006
-0.0000036284 0.0000000006
-0.0000013784 0.0000000006
0.0000330359 0.0000000006
-0.0000144392 0.0000000006
0.0000102669 0.0000000006
-0.0000077412 0.0000000006
0.0000017732 0.0000000006
0.0000005364 0.0000000006
-0.0000151545 0.0000000006
0.0000083894 0.0000000006
0.0000011623 0.0000000006
0.0000473931 0.0000000006
0.0000044182 0.0000000006
0.0000033081 0.0000000006
0.0000034496 0.0000000006
0.0000131875 0.0000000006
-0.0000351742 0.0000000005
-0.0000009462 0.0000000005
0.0000037178 0.0000000005
-0.0000029430 0.0000000005
0.0000002086 0.0000000005
0.0000044256 0.0000000005
0.0000027567 0.0000000005
-0.0000119805 0.0000000005
-0.0000049025 0.0000000005
0.0000090450 0.0000000005
0.0000108108 0.0000000005
-0.0000072643 0.0000000005
-0.0000067651 0.0000000005
0.0000038296 0.0000000005
0.0000007972 0.0000000005
-0.0000022128 0.0000000005
0.0000142083 0.0000000005
-0.0000063702 0.0000000005
0.0000024736 0.0000000005
-0.0000067130 0.0000000005
-0.0000069663 0.0000000005
0.0000056624 0.0000000004
0.0000009462 0.0000000004
0.0000075921 0.0000000004
-0.0000012740 0.0000000004
-0.0000016540 0.0000000004
0.0000031665 0.0000000004
-0.0000051633 0.0000000004
-0.0000013635 0.0000000004
0.0000000298 0.0000000004
0.0000021309 0.0000000004
0.0000018328 0.0000000004
0.0000052229 0.0000000004
-0.0000034198 0.0000000004
-0.0000017881 0.0000000004
0.0000044182 0.0000000004
-0.0000023544 0.0000000004
0.0000291392 0.0000000004
-0.0000194684 0.0000000004
0.0000198185 0.0000000004
-0.0000097454 0.0000000004
0.0000000894 0.0000000004
-0.0000039637 0.0000000004
0.0000115186 0.0000000004
-0.0000452995 0.0000000004
-0.0000053570 0.0000000004
0.0000035986 0.0000000004
0.0000027493 0.0000000004
-0.0000038445 0.0000000004
0.0000063106 0.0000000003
-0.0000019968 0.0000000003
-0.0000007525 0.0000000003
0.0000052750 0.0000000003
-0.0000064448 0.0000000003
0.0000031590 0.0000000003
0.0000053570 0.0000000003
-0.0000028610 0.0000000003
0.0000070110 0.0000000003
0.0000008941 0.0000000003
0.0000017360 0.0000000003
0.0000010356 0.0000000003
-0.0000093207 0.0000000003
0.0000038520 0.0000000003
-0.0000034794 0.0000000003
-0.0000073537 0.0000000003
-0.0000013411 0.0000000003
-0.0000082850 0.0000000003
0.0000219643 0.0000000003
-0.0000143498 0.0000000003
0.0000097677 0.0000000003
-0.0000061691 0.0000000003
-0.0000035539 0.0000000003
-0.0000021756 0.0000000003
0.0000054240 0.0000000003
0.0000022575 0.0000000003
-0.0000006407 0.0000000003
0.0000019893 0.0000000003
-0.0000031590 0.0000000003
-0.0000031143 0.0000000003
0.0000009239 0.0000000003
-0.0000005737 0.0000000003
-0.0000024810 0.0000000003
-0.0000074804 0.0000000003
0.0000097528 0.0000000003
-0.0000017211 0.0000000003
0.0000235364 0.0000000003
0.0000086799 0.0000000003
-0.0000040904 0.0000000003
0.0000011176 0.0000000003
0.0000007674 0.0000000003
-0.0000024885 0.0000000003
-0.0000018403 0.0000000003
-0.0000034869 0.0000000003
0.0000011325 0.0000000003
0.0000023395 0.0000000002
0.0000019744 0.0000000002
-0.0000030696 0.0000000002
0.0000025555 0.0000000002
0.0000075102 0.0000000002
-0.0000056997 0.0000000002
-0.0000037998 0.0000000002
0.0000022128 0.0000000002
-0.0000049621 0.0000000002
0.0000017881 0.0000000002
-0.0000044331 0.0000000002
0.0000004917 0.0000000002
-0.0000472888 0.0000000002
-0.0000235215 0.0000000002
-0.0000039190 0.0000000002
-0.0000065714 0.0000000002
0.0000011995 0.0000000002
0.0000053346 0.0000000002
-0.0000006333 0.0000000002
-0.0000011697 0.0000000002
0.0000000820 0.0000000002
-0.0000632405 0.0000000002
-0.0000823364 0.0000000002
-0.0000602528 0.0000000002
-0.0000566095 0.0000000002
-0.0000314191 0.0000000002
-0.0000127777 0.0000000002
0.0000380948 0.0000000002
0.0000321344 0.0000000002
0.0000676960 0.0000000002
0.0000879690 0.0000000002
0.0000803396 0.0000000002
0.0000661463 0.0000000002
0.0000577718 0.0000000002
0.0000460297 0.0000000002
0.0000427887 0.0000000002
0.0000322536 0.0000000002
0.0000230893 0.0000000002
0.0000120178 0.0000000002
0.0000083745 0.0000000002
0.0000045672 0.0000000002
0.0000012144 0.0000000002
-0.0000009909 0.0000000002
-0.0000043660 0.0000000002
-0.0000023842 0.0000000002
-0.0000034273 0.0000000002
-0.0000016838 0.0000000002
0.0000023395 0.0000000002
0.0000002906 0.0000000002
-0.0000003800 0.0000000002
-0.0000023767 0.0000000002
-0.0000027269 0.0000000002
0.0000023395 0.0000000002
-0.0000001937 0.0000000002
0.0000013933 0.0000000002
-0.0000141338 0.0000000002
-0.0000016913 0.0000000002
-0.0000011772 0.0000000002
-0.0000024736 0.0000000002
0.0000004843 0.0000000002
0.0000105649 0.0000000002
-0.0000059828 0.0000000002
0.0000051707 0.0000000002
0.0000014901 0.0000000002
-0.0000020936 0.0000000002
0.0000016764 0.0000000002
-0.0000027120 0.0000000002
0.0000331551 0.0000000002
0.0000093430 0.0000000002
0.0000015348 0.0000000002
0.0000015199 0.0000000002
0.0000010431 0.0000000002
-0.0000020415 0.0000000002
0.0000013858 0.0000000002
0.0000042617 0.0000000002
-0.0000018999 0.0000000002
-0.0000026673 0.0000000002
0.0000014305 0.0000000002
0.0000043064 0.0000000002
-0.0000006780 0.0000000002
-0.0000026599 0.0000000002
-0.0000002980 0.0000000002
0.0000001788 0.0000000002
-0.0000023618 0.0000000002
0.0000052303 0.0000000002
-0.0000120997 0.0000000002
-0.0000013337 0.0000000002
0.0000008866 0.0000000002
-0.0000013113 0.0000000002
-0.0000020936 0.0000000002
0.0000011176 0.0000000002
-0.0000014082 0.0000000002
0.0000045523 0.0000000002
0.0000029802 0.0000000002
0.0000058413 0.0000000002
0.0000028238 0.0000000002
-0.0000104383 0.0000000002
0.0000128746 0.0000000002
-0.0000111386 0.0000000002
0.0000060052 0.0000000002
0.0000077561 0.0000000002
0.0000022575 0.0000000002
-0.0000057667 0.0000000002
0.0000041351 0.0000000002
-0.0000036508 0.0000000002
-0.0000020042 0.0000000002
0.0000041649 0.0000000002
-0.0000070706 0.0000000002
-0.0000035167 0.0000000002
0.0000053942 0.0000000002
-0.0000011548 0.0000000002
0.0000015348 0.0000000002
-0.0000066161 0.0000000002
0.0000011772 0.0000000002
0.0000004843 0.0000000002
0.0000055656 0.0000000002
0.0000000149 0.0000000002
0.0000021830 0.0000000002
0.0000025406 0.0000000002
-0.0000035167 0.0000000002
-0.0000065640 0.0000000002
-0.0000005960 0.0000000002
-0.0000020191 0.0000000001
-0.0000035763 0.0000000001
0.0000039414 0.0000000001
0.0000009909 0.0000000001
-0.0000000745 0.0000000001
0.0000009090 0.0000000001
0.0000042915 0.0000000001
0.0011327565 0.0000000001
0.0020264685 0.0000000001
0.0019589365 0.0000000001
0.0018601269 0.0000000001
0.0018078759 0.0000000001
0.0017481148 0.0000000001
0.0017121732 0.0000000001
0.0016739294 0.0000000001
0.0016448721 0.0000000001
0.0016053170 0.0000000001
0.0015760586 0.0000000001
0.0015503392 0.0000000001
0.0015221015 0.0000000001
0.0015032366 0.0000000001
0.0014896467 0.0000000001
0.0014892966 0.0000000001
0.0014692545 0.0000000001
0.0014528632 0.0000000001
0.0014378279 0.0000000001
0.0014183074 0.0000000001
0.0014069676 0.0000000001
0.0013969764 0.0000000001
0.0013907179 0.0000000001
0.0013879165 0.0000000001
0.0013765693 0.0000000001
0.0013742968 0.0000000001
0.0013631135 0.0000000001
0.0013570860 0.0000000001
0.0013441443 0.0000000001
0.0013329685 0.0000000001
0.0013232678 0.0000000001
0.0013191327 0.0000000001
0.0013119802 0.0000000001
0.0013031363 0.0000000001
0.0012964532 0.0000000001
0.0012896657 0.0000000001
0.0012793615 0.0000000001
0.0012702420 0.0000000001
0.0012618676 0.0000000001
0.0012537464 0.0000000001
0.0012424216 0.0000000001
0.0012340397 0.0000000001
0.0012282357 0.0000000001
0.0012195557 0.0000000001
-0.0000142604 0.0000000001
-0.0000134781 0.0000000001
-0.0000125095 0.0000000001
-0.0000029355 0.0000000001
-0.0000014305 0.0000000001
0.0000004321 0.0000000001
-0.0000007227 0.0000000001
0.0000009239 0.0000000001
0.0000002384 0.0000000001
-0.0000004321 0.0000000001
-0.0000022501 0.0000000001
-0.0000027940 0.0000000001
-0.0000010654 0.0000000001
-0.0000007302 0.0000000001
0.0000005439 0.0000000001
0.0000008866 0.0000000001
-0.0000000969 0.0000000001
0.0000015125 0.0000000001
0.0000040531 0.0000000001
0.0000015572 0.0000000001
0.0000012070 0.0000000001
0.0000019670 0.0000000001
-0.0000003874 0.0000000001
0.0000011176 0.0000000001
0.0000007004 0.0000000001
-0.0000011623 0.0000000001
-0.0000050813 0.0000000001
-0.0000019670 0.0000000001
-0.0000018552 0.0000000001
0.0000015721 0.0000000001
0.0000008196 0.0000000001
-0.0000027344 0.0000000001
0.0000033826 0.0000000001
0.0000016987 0.0000000001
0.0000039041 0.0000000001
-0.0000010654 0.0000000001
0.0000020266 0.0000000001
0.0000011325 0.0000000001
-0.0000008121 0.0000000001
0.0000015497 0.0000000001
0.0000015721 0.0000000001
0.0000033230 0.0000000001
0.0000023469 0.0000000001
-0.0000012517 0.0000000001
0.0000001565 0.0000000001
-0.0000040159 0.0000000001
-0.0000014454 0.0000000001
-0.0000055432 0.0000000001
0.0000017509 0.0000000001
-0.0000055060 0.0000000001
-0.0000060648 0.0000000001
0.0000011995 0.0000000001
0.0000046417 0.0000000001
0.0000012740 0.0000000001
0.0000007004 0.0000000001
-0.0000044778 0.0000000001
0.0000012591 0.0000000001
0.0000045970 0.0000000001
-0.0000010207 0.0000000001
-0.0000020787 0.0000000001
-0.0000003874 0.0000000001
-0.0000016019 0.0000000001
0.0000290945 0.0000000001
-0.0000077412 0.0000000001
-0.0000519305 0.0000000001
0.0000285208 0.0000000001
-0.0000083148 0.0000000001
-0.0000009313 0.0000000001
-0.0000449941 0.0000000001
-0.0000146851 0.0000000001
0.0000053570 0.0000000001
0.0000009611 0.0000000001
-0.0000032410 0.0000000001
0.0000030026 0.0000000001
0.0000025928 0.0000000001
-0.0000070632 0.0000000001
-0.0000009164 0.0000000001
0.0000020117 0.0000000001
-0.0000017881 0.0000000001
-0.0000017062 0.0000000001
-0.0000001267 0.0000000001
-0.0000012666 0.0000000001
0.0000002533 0.0000000001
-0.0000078827 0.0000000001
-0.0000047460 0.0000000001
0.0000040382 0.0000000001
0.0000010952 0.0000000001
-0.0000021383 0.0000000001
0.0000520498 0.0000000001
0.0000272915 0.0000000001
-0.0000237599 0.0000000001
-0.0000025481 0.0000000001
0.0000010505 0.0000000001
0.0000010729 0.0000000001
0.0000015423 0.0000000001
-0.0000009164 0.0000000001
0.0000067130 0.0000000001
-0.0000024140 0.0000000001
-0.0000076145 0.0000000001
0.0000011027 0.0000000001
0.0000006855 0.0000000001
-0.0000022501 0.0000000001
0.0000007749 0.0000000001
0.0000021979 0.0000000001
-0.0000498071 0.0000000001
-0.0000301898 0.0000000001
-0.0000062212 0.0000000001
-0.0000024512 0.0000000001
-0.0000003576 0.0000000001
0.0000018477 0.0000000001
-0.0000032037 0.0000000001
0.0000030249 0.0000000001
0.0000245497 0.0000000001
0.0000086725 0.0000000001
0.0000007674 0.0000000001
-0.0000304580 0.0000000001
-0.0000188127 0.0000000001
-0.0000115037 0.0000000001
-0.0000072345 0.0000000001
-0.0000025481 0.0000000001
-0.0000006035 0.0000000001
-0.0000019073 0.0000000001
-0.0000013188 0.0000000001
-0.0000008866 0.0000000001
-0.0000006333 0.0000000001
0.0000031665 0.0000000001
-0.0000002310 0.0000000001
-0.0000036880 0.0000000001
0.0000016615 0.0000000001
-0.0000026226 0.0000000001
-0.0000030100 0.0000000001
0.0000036657 0.0000000001
-0.0000019446 0.0000000001
-0.0000013337 0.0000000001
0.0000019968 0.0000000001
0.0000011697 0.0000000001
-0.0000021607 0.0000000001
-0.0000022650 0.0000000001
0.0000022948 0.0000000001
-0.0000006258 0.0000000001
-0.0000003427 0.0000000001
0.0000033453 0.0000000001
-0.0000114441 0.0000000001
0.0000161529 0.0000000001
-0.0000143573 0.0000000001
0.0000124052 0.0000000001
-0.0000093877 0.0000000001
0.0000050515 0.0000000001
-0.0000342652 0.0000000001
-0.0000104010 0.0000000001
0.0000033900 0.0000000001
-0.0000000298 0.0000000001
-0.0000022054 0.0000000001
-0.0000008345 0.0000000001
0.0000015572 0.0000000001
0.0000019819 0.0000000001
0.0000028014 0.0000000001
-0.0000031665 0.0000000001
0.0000043809 0.0000000001
0.0000029579 0.0000000001
0.0000000075 0.0000000001
0.0000002384 0.0000000001
-0.0000054091 0.0000000001
0.0000028238 0.0000000001
-0.0000037625 0.0000000001
0.0000315458 0.0000000001
-0.0007264465 0.0000000001
-0.0007103905 0.0000000001
-0.0006870553 0.0000000001
-0.0006936342 0.0000000001
-0.0006693304 0.0000000001
-0.0006067976 0.0000000001
-0.0005871728 0.0000000001
-0.0006069466 0.0000000001
-0.0005995333 0.0000000001
-0.0005869493 0.0000000001
-0.0005755946 0.0000000001
-0.0005942583 0.0000000001
-0.0005879700 0.0000000001
-0.0005831793 0.0000000001
-0.0005809516 0.0000000001
-0.0005653128 0.0000000001
-0.0005530342 0.0000000001
-0.0005476922 0.0000000001
-0.0005420968 0.0000000001
-0.0005362630 0.0000000001
-0.0005259663 0.0000000001
-0.0005185008 0.0000000001
-0.0005117729 0.0000000001
-0.0005085319 0.0000000001
-0.0005052835 0.0000000001
-0.0004995987 0.0000000001
-0.0004942119 0.0000000001
-0.0004892871 0.0000000001
-0.0004855469 0.0000000001
-0.0004793927 0.0000000001
-0.0004737452 0.0000000001
-0.0004671216 0.0000000001
-0.0004617199 0.0000000001
-0.0004563108 0.0000000001
-0.0004496723 0.0000000001
-0.0004461035 0.0000000001
-0.0004396513 0.0000000001
-0.0004335791 0.0000000001
-0.0004273281 0.0000000001
-0.0004209206 0.0000000001
-0.0004157051 0.0000000001
-0.0004159287 0.0000000001
-0.0004096106 0.0000000001
-0.0004033074 0.0000000001
-0.0003976077 0.0000000001
-0.0003923476 0.0000000001
-0.0003871769 0.0000000001
-0.0003820583 0.0000000001
-0.0003756210 0.0000000001
-0.0003689155 0.0000000001
-0.0003618002 0.0000000001
-0.0003561154 0.0000000001
-0.0003505349 0.0000000001
-0.0003445819 0.0000000001
-0.0003380254 0.0000000001
-0.0003317595 0.0000000001
-0.0003246218 0.0000000001
-0.0003181025 0.0000000001
-0.0003129542 0.0000000001
-0.0003063530 0.0000000001
-0.0003005266 0.0000000001
-0.0002946034 0.0000000001
-0.0002884194 0.0000000001
-0.0002838448 0.0000000001
-0.0002778098 0.0000000001
-0.0002720356 0.0000000001
-0.0002639964 0.0000000001
-0.0002586246 0.0000000001
-0.0002536923 0.0000000001
-0.0002475306 0.0000000001
-0.0002406314 0.0000000001
-0.0002346188 0.0000000001
-0.0002279952 0.0000000001
-0.0002243072 0.0000000001
-0.0002192557 0.0000000001
-0.0002129897 0.0000000001
-0.0002070814 0.0000000001
-0.0002000257 0.0000000001
-0.0001942888 0.0000000001
-0.0001886413 0.0000000001
-0.0001818612 0.0000000001
-0.0001724958 0.0000000001
-0.0001680404 0.0000000001
-0.0001647994 0.0000000001
-0.0001591593 0.0000000001
-0.0001496002 0.0000000001
-0.0001463816 0.0000000001
-0.0001436099 0.0000000001
-0.0001387000 0.0000000001
-0.0001331866 0.0000000001
-0.0001270622 0.0000000001
-0.0001206547 0.0000000001
-0.0001142994 0.0000000001
-0.0001081824 0.0000000001
-0.0001019388 0.0000000001
-0.0000998527 0.0000000001
-0.0000909939 0.0000000001
-0.0000853911 0.0000000001
-0.0000812262 0.0000000001
-0.0000754893 0.0000000001
-0.0000701845 0.0000000001
-0.0000639558 0.0000000001
-0.0000596270 0.0000000001
0.0000153035 0.0000000001
0.0000127479 0.0000000001
0.0000105053 0.0000000001
0.0000066087 0.0000000001
0.0000034720 0.0000000001
0.0000014156 0.0000000001
-0.0000014752 0.0000000001
-0.0000005588 0.0000000001
0.0000001416 0.0000000001
0.0000004694 0.0000000001
0.0000013411 0.0000000001
-0.0000010133 0.0000000001
0.0000006184 0.0000000001
-0.0000000224 0.0000000001
-0.0000005513 0.0000000001
-0.0000006482 0.0000000001
0.0000007600 0.0000000001
0.0000008792 0.0000000001
0.0000041202 0.0000000001
-0.0000006109 0.0000000001
-0.0000015944 0.0000000001
0.0000012666 0.0000000001
-0.0000019819 0.0000000001
-0.0000014976 0.0000000001
0.0000013486 0.0000000001
-0.0000004619 0.0000000001
-0.0000000224 0.0000000001
-0.0000003949 0.0000000001
-0.0000021681 0.0000000001
0.0000010580 0.0000000001
0.0000029802 0.0000000001
0.0000207648 0.0000000001
0.0000057444 0.0000000001
0.0000019968 0.0000000001
-0.0000017881 0.0000000001
-0.0000045374 0.0000000001
-0.0000030026 0.0000000001
-0.0000023171 0.0000000001
0.0000011772 0.0000000001
0.0000001267 0.0000000001
0.0000037402 0.0000000001
0.0000013933 0.0000000001
0.0000014007 0.0000000001
-0.0000009909 0.0000000001
-0.0000000224 0.0000000001
0.0000008345 0.0000000001
0.0000003651 0.0000000001
-0.0000294223 0.0000000001
-0.0000154227 0.0000000001
-0.0000171736 0.0000000001
0.0000073314 0.0000000001
-0.0000025332 0.0000000001
-0.0000024140 0.0000000001
0.0000006631 0.0000000001
-0.0000022054 0.0000000001
-0.0000056252 0.0000000001
-0.0000279546 0.0000000001
-0.0000013411 0.0000000001
-0.0000036657 0.0000000001
0.0000017509 0.0000000001
0.0000035986 0.0000000001
-0.0000025555 0.0000000001
0.0000009537 0.0000000001
0.0000070557 0.0000000001
-0.0000000969 0.0000000001
0.0000012666 0.0000000001
0.0000004098 0.0000000001
-0.0000300184 0.0000000001
-0.0000135228 0.0000000001
0.0000044927 0.0000000001
-0.0000020936 0.0000000001
-0.0000019446 0.0000000001
-0.0000044852 0.0000000001
0.0000045821 0.0000000001
-0.0000030398 0.0000000001
0.0000043958 0.0000000001
0.0000010207 0.0000000001
-0.0000009835 0.0000000001
-0.0000007600 0.0000000001
0.0000005066 0.0000000001
0.0000012666 0.0000000001
0.0000012815 0.0000000001
-0.0000003353 0.0000000001
0.0000016168 0.0000000001
0.0000025034 0.0000000001
-0.0000310093 0.0000000001
-0.0000116453 0.0000000001
0.0000071973 0.0000000001
-0.0000025779 0.0000000001
-0.0000006557 0.0000000001
0.0000707954 0.0000000001
0.0000570640 0.0000000001
0.0000423118 0.0000000001
0.0000277311 0.0000000001
0.0000202805 0.0000000001
0.0000115335 0.0000000001
0.0000537634 0.0000000001
0.0000458807 0.0000000001
0.0000384077 0.0000000001
0.0000336170 0.0000000001
0.0000284463 0.0000000001
0.0000275671 0.0000000001
0.0000230744 0.0000000001
0.0000170320 0.0000000001
0.0000164658 0.0000000001
0.0000134706 0.0000000001
0.0000081807 0.0000000001
0.0000054985 0.0000000001
0.0000043511 0.0000000001
0.0000035390 0.0000000001
0.0000015125 0.0000000001
0.0000010058 0.0000000001
0.0000004247 0.0000000001
0.0000000969 0.0000000001
0.0000001192 0.0000000001
0.0000000298 0.0000000001
0.0000002384 0.0000000001
0.0000004768 0.0000000001
0.0000001490 0.0000000001
0.0000009984 0.0000000001
-0.0000007525 0.0000000001
0.0000024810 0.0000000001
-0.0000035912 0.0000000001
0.0000008717 0.0000000001
-0.0000014603 0.0000000001
-0.0000029504 0.0000000001
0.0000036508 0.0000000001
-0.0000034049 0.0000000001
-0.0000003800 0.0000000001
-0.0000009984 0.0000000001
-0.0000006109 0.0000000001
0.0000034645 0.0000000001
-0.0000022501 0.0000000001
-0.0000011101 0.0000000001
-0.0000014082 0.0000000001
0.0000004843 0.0000000001
-0.0000014976 0.0000000001
0.0000003278 0.0000000001
-0.0000032261 0.0000000001
-0.0000018999 0.0000000001
0.0000005439 0.0000000001
0.0000000745 0.0000000001
0.0000003874 0.0000000001
-0.0000031516 0.0000000001
0.0000016615 0.0000000001
-0.0000062510 0.0000000001
0.0000038818 0.0000000001
-0.0000105277 0.0000000001
-0.0000020191 0.0000000001
-0.0000018999 0.0000000001
0.0000032112 0.0000000001
-0.0000002831 0.0000000001
-0.0000002757 0.0000000001
-0.0000005960 0.0000000001
0.0000336468 0.0000000001
0.0000221953 0.0000000001
0.0000133812 0.0000000001
0.0000084937 0.0000000001
-0.0000006557 0.0000000001
-0.0000004470 0.0000000001
-0.0000014305 0.0000000001
0.0000017211 0.0000000001
0.0000018999 0.0000000001
-0.0000010729 0.0000000001
0.0000047535 0.0000000001
0.0000025779 0.0000000001
-0.0000008866 0.0000000001
-0.0000008121 0.0000000001
0.0000019222 0.0000000001
-0.0000001714 0.0000000001
0.0000004321 0.0000000001
-0.0000013933 0.0000000001
-0.0000009611 0.0000000001
-0.0000010431 0.0000000001
0.0000016242 0.0000000001
-0.0000003278 0.0000000001
-0.0000015348 0.0000000001
-0.0000025406 0.0000000001
-0.0000009090 0.0000000001
-0.0000040978 0.0000000001
-0.0000005662 0.0000000001
0.0000017360 0.0000000001
-0.0000057146 0.0000000001
0.0000158772 0.0000000001
0.0000255555 0.0000000001
-0.0000267848 0.0000000001
-0.0000034794 0.0000000001
0.0000028610 0.0000000001
-0.0000073910 0.0000000001
-0.0000427663 0.0000000001
-0.0000325814 0.0000000001
-0.0000200048 0.0000000001
-0.0000069439 0.0000000001
-0.0000049472 0.0000000001
-0.0000032634 0.0000000001
0.0000031888 0.0000000001
0.0000006780 0.0000000001
-0.0000027120 0.0000000001
-0.0000005364 0.0000000001
0.0000031069 0.0000000001
0.0000008345 0.0000000001
0.0000007525 0.0000000001
-0.0000061393 0.0000000001
0.0000017136 0.0000000001
-0.0000013337 0.0000000001
-0.0000010356 0.0000000001
0.0000013486 0.0000000001
-0.0000009462 0.0000000001
-0.0000026897 0.0000000001
-0.0000015348 0.0000000001
0.0000051335 0.0000000001
-0.0000008717 0.0000000001
0.0000011772 0.0000000001
-0.0000016242 0.0000000001
0.0000011101 0.0000000001
-0.0000021979 0.0000000001
0.0000028610 0.0000000001
-0.0000003576 0.0000000001
0.0000007972 0.0000000001
0.0000025108 0.0000000001
0.0000017583 0.0000000001
0.0000018477 0.0000000001
-0.0000037625 0.0000000001
0.0000035837 0.0000000001
0.0000016019 0.0000000001
-0.0000052378 0.0000000001
-0.0000008047 0.0000000001
0.0000012740 0.0000000001
-0.0000010952 0.0000000001
0.0000023097 0.0000000001
0.0000021756 0.0000000001
-0.0000013411 0.0000000001
-0.0000008866 0.0000000001
0.0000015274 0.0000000001
-0.0000009909 0.0000000001
0.0000001043 0.0000000001
0.0000304356 0.0000000001
0.0000188947 0.0000000001
0.0000053346 0.0000000001
0.0000017583 0.0000000001
-0.0000007376 0.0000000001
-0.0000008121 0.0000000001
-0.0000007227 0.0000000001
-0.0000005811 0.0000000001
-0.0000011548 0.0000000001
-0.0000003725 0.0000000001
-0.0000009313 0.0000000001
0.0000084937 0.0000000001
-0.0000040531 0.0000000001
0.0000036508 0.0000000001
0.0000011474 0.0000000001
-0.0000012591 0.0000000001
-0.0000011176 0.0000000001
0.0000019222 0.0000000001
0.0000007153 0.0000000001
0.0000082105 0.0000000001
-0.0000070259 0.0000000001
0.0000002459 0.0000000001
0.0000017062 0.0000000001
-0.0000018328 0.0000000001
-0.0000024363 0.0000000001
0.0000027195 0.0000000001
0.0000011101 0.0000000001
0.0000006407 0.0000000001
0.0000006407 0.0000000001
0.0000076890 0.0000000001
-0.0000005886 0.0000000001
-0.0000007898 0.0000000001
0.0000031516 0.0000000001
-0.0000015944 0.0000000001
-0.0000028312 0.0000000001
-0.0000007972 0.0000000001
0.0000010282 0.0000000001
-0.0000045449 0.0000000001
0.0000018626 0.0000000001
-0.0000061318 0.0000000001
0.0000002459 0.0000000001
-0.0000164285 0.0000000001
-0.0000000596 0.0000000001
-0.0000006557 0.0000000001
0.0000001118 0.0000000001
-0.0000006407 0.0000000001
-0.0000005439 0.0000000001
0.0000022352 0.0000000001
0.0000026673 0.0000000001
-0.0000028387 0.0000000001
-0.0000001118 0.0000000001
0.0000004843 0.0000000001
0.0000001341 0.0000000001
-0.0000026897 0.0000000001
0.0000013262 0.0000000001
0.0000009835 0.0000000001
0.0000004992 0.0000000001
0.0000015795 0.0000000001
-0.0000014380 0.0000000001
-0.0000013262 0.0000000001
0.0000021681 0.0000000001
0.0000010580 0.0000000001
-0.0000016540 0.0000000001
-0.0000016764 0.0000000001
0.0000013784 0.0000000001
-0.0000028759 0.0000000001
0.0000019521 0.0000000001
0.0000015348 0.0000000001
0.0000000298 0.0000000001
-0.0000004396 0.0000000001
-0.0000001863 0.0000000001
-0.0000019148 0.0000000001
-0.0000047088 0.0000000001
-0.0000013784 0.0000000001
-0.0000007004 0.0000000001
-0.0000011176 0.0000000001
0.0000009686 0.0000000001
-0.0000021085 0.0000000001
-0.0000002757 0.0000000001
0.0000007153 0.0000000001
0.0000021160 0.0000000001
0.0000001639 0.0000000001
0.0000003055 0.0000000001
-0.0000009909 0.0000000001
-0.0000000820 0.0000000001
0.0000007823 0.0000000001
-0.0000036582 0.0000000001
0.0000037178 0.0000000001
-0.0000102893 0.0000000001
-0.0000152066 0.0000000001
0.0000051335 0.0000000001
-0.0000013113 0.0000000001
0.0000057071 0.0000000001
-0.0000029281 0.0000000001
0.0000018626 0.0000000001
0.0000003949 0.0000000001
0.0000008419 0.0000000001
-0.0000029877 0.0000000001
0.0000011027 0.0000000000
0.0000008568 0.0000000000
-0.0000010505 0.0000000000
0.0000001714 0.0000000000
0.0000005811 0.0000000000
0.0000007451 0.0000000000
-0.0000011921 0.0000000000
0.0000011176 0.0000000000
0.0000011623 0.0000000000
0.0000013188 0.0000000000
-0.0000007823 0.0000000000
-0.0000013486 0.0000000000
0.0000021309 0.0000000000
-0.0000054911 0.0000000000
-0.0000233054 0.0000000000
0.0000238270 0.0000000000
0.0000016168 0.0000000000
-0.0000053868 0.0000000000
0.0000090376 0.0000000000
-0.0000073910 0.0000000000
0.0000022054 0.0000000000
-0.0000029281 0.0000000000
-0.0000015125 0.0000000000
0.0000005215 0.0000000000
-0.0000007749 0.0000000000
-0.0000004396 0.0000000000
0.0000017062 0.0000000000
-0.0000009760 0.0000000000
-0.0000002533 0.0000000000
-0.0000001863 0.0000000000
0.0000039861 0.0000000000
-0.0000012368 0.0000000000
-0.0000012368 0.0000000000
0.0000012219 0.0000000000
-0.0000016168 0.0000000000
0.0000041351 0.0000000000
-0.0000048205 0.0000000000
-0.0000500232 0.0000000000
-0.0000376180 0.0000000000
-0.0000246465 0.0000000000
-0.0000101924 0.0000000000
-0.0000058338 0.0000000000
-0.0000012964 0.0000000000
-0.0000003278 0.0000000000
0.0000001565 0.0000000000
-0.0000002310 0.0000000000
0.0000031963 0.0000000000
0.0000001714 0.0000000000
0.0000004545 0.0000000000
-0.0000014082 0.0000000000
-0.0000026003 0.0000000000
0.0000007078 0.0000000000
0.0000007078 0.0000000000
-0.0000002235 0.0000000000
0.0000030920 0.0000000000
-0.0000013337 0.0000000000
-0.0000000224 0.0000000000
-0.0000021011 0.0000000000
0.0000005364 0.0000000000
0.0000005141 0.0000000000
0.0000013709 0.0000000000
0.0000005886 0.0000000000
-0.0000002980 0.0000000000
-0.0000023842 0.0000000000
0.0000014603 0.0000000000
-0.0000013784 0.0000000000
0.0000019073 0.0000000000
-0.0000004023 0.0000000000
0.0000002608 0.0000000000
-0.0000019446 0.0000000000
-0.0000004321 0.0000000000
-0.0000011772 0.0000000000
-0.0000003576 0.0000000000
-0.0000033379 0.0000000000
0.0000032336 0.0000000000
-0.0000039190 0.0000000000
-0.0000001490 0.0000000000
-0.0000006482 0.0000000000
-0.0000013858 0.0000000000
0.0000006706 0.0000000000
-0.0000019595 0.0000000000
0.0000003353 0.0000000000
0.0000001267 0.0000000000
0.0000003725 0.0000000000
0.0000011027 0.0000000000
0.0000000671 0.0000000000
0.0000011250 0.0000000000
0.0000018328 0.0000000000
-0.0000005066 0.0000000000
-0.0000007898 0.0000000000
0.0000515431 0.0000000000
0.0000345334 0.0000000000
0.0000182018 0.0000000000
0.0000073463 0.0000000000
-0.0000031069 0.0000000000
-0.0000009984 0.0000000000
0.0000004396 0.0000000000
0.0000026375 0.0000000000
-0.0000016391 0.0000000000
0.0000006035 0.0000000000
0.0000002980 0.0000000000
0.0000000149 0.0000000000
-0.0000009835 0.0000000000
-0.0000015125 0.0000000000
0.0000009611 0.0000000000
-0.0000017807 0.0000000000
0.0000007898 0.0000000000
0.0000011027 0.0000000000
-0.0000005960 0.0000000000
0.0000049993 0.0000000000
-0.0000015423 0.0000000000
-0.0000009239 0.0000000000
0.0000024959 0.0000000000
-0.0000005737 0.0000000000
0.0000022873 0.0000000000
-0.0000012517 0.0000000000
-0.0000004545 0.0000000000
-0.0000021532 0.0000000000
0.0000000075 0.0000000000
0.0000004396 0.0000000000
0.0000042915 0.0000000000
0.0000011176 0.0000000000
-0.0000011697 0.0000000000
-0.0000000745 0.0000000000
0.0000011623 0.0000000000
-0.0000000671 0.0000000000
0.0000021607 0.0000000000
-0.0000012964 0.0000000000
0.0000014231 0.0000000000
-0.0000020489 0.0000000000
-0.0000015944 0.0000000000
-0.0000007227 0.0000000000
-0.0000010356 0.0000000000
0.0000017211 0.0000000000
-0.0000004098 0.0000000000
-0.0000008792 0.0000000000
-0.0000002980 0.0000000000
-0.0000005960 0.0000000000
0.0000013486 0.0000000000
-0.0000038594 0.0000000000
0.0000002161 0.0000000000
0.0000018254 0.0000000000
0.0000023693 0.0000000000
0.0000020787 0.0000000000
-0.0000002831 0.0000000000
-0.0000022799 0.0000000000
0.0000011995 0.0000000000
-0.0000007525 0.0000000000
-0.0000013560 0.0000000000
-0.0000013113 0.0000000000
0.0000000969 0.0000000000
-0.0000008568 0.0000000000
0.0000002980 0.0000000000
-0.0000006557 0.0000000000
-0.0000010803 0.0000000000
-0.0000010803 0.0000000000
0.0000036508 0.0000000000
-0.0000070333 0.0000000000
0.0000070184 0.0000000000
-0.0000042394 0.0000000000
0.0000019670 0.0000000000
-0.0000000596 0.0000000000
-0.0000004843 0.0000000000
-0.0000039488 0.0000000000
0.0000053346 0.0000000000
-0.0000020415 0.0000000000
0.0000018850 0.0000000000
-0.0000040382 0.0000000000
-0.0000615790 0.0000000000
-0.0000557527 0.0000000000
-0.0000496805 0.0000000000
-0.0000438616 0.0000000000
-0.0000438690 0.0000000000
-0.0000415146 0.0000000000
-0.0000349805 0.0000000000
-0.0000261366 0.0000000000
-0.0000223294 0.0000000000
-0.0000847876 0.0000000000
-0.0001434088 0.0000000000
-0.0001440793 0.0000000000
-0.0001399294 0.0000000000
-0.0001355857 0.0000000000
-0.0001323819 0.0000000000
-0.0001294017 0.0000000000
-0.0001266524 0.0000000000
-0.0001245514 0.0000000000
-0.0001222417 0.0000000000
-0.0001199096 0.0000000000
-0.0001173317 0.0000000000
-0.0001194626 0.0000000000
-0.0001176670 0.0000000000
-0.0001168475 0.0000000000
-0.0001149476 0.0000000000
-0.0001129583 0.0000000000
-0.0001102090 0.0000000000
-0.0001082718 0.0000000000
-0.0001074821 0.0000000000
-0.0001052693 0.0000000000
-0.0001032203 0.0000000000
-0.0000999272 0.0000000000
-0.0000986382 0.0000000000
-0.0000970438 0.0000000000
-0.0000946373 0.0000000000
-0.0000907406 0.0000000000
-0.0000896901 0.0000000000
-0.0000880510 0.0000000000
-0.0000856668 0.0000000000
-0.0000832453 0.0000000000
-0.0000853091 0.0000000000
-0.0000837073 0.0000000000
-0.0000811592 0.0000000000
-0.0000790730 0.0000000000
-0.0000767410 0.0000000000
-0.0000753477 0.0000000000
-0.0000731125 0.0000000000
-0.0000704974 0.0000000000
-0.0000695065 0.0000000000
-0.0000685081 0.0000000000
-0.0000672117 0.0000000000
-0.0000657588 0.0000000000
-0.0000637248 0.0000000000
-0.0000619739 0.0000000000
-0.0000598878 0.0000000000
-0.0000599772 0.0000000000
-0.0000580847 0.0000000000
-0.0000569895 0.0000000000
-0.0000535250 0.0000000000
-0.0000481680 0.0000000000
-0.0000471920 0.0000000000
-0.0000460744 0.0000000000
-0.0000454485 0.0000000000
-0.0000435039 0.0000000000
-0.0000445098 0.0000000000
-0.0000429153 0.0000000000
-0.0000406504 0.0000000000
-0.0000393391 0.0000000000
-0.0000377744 0.0000000000
-0.0000335053 0.0000000000
-0.0000321195 0.0000000000
-0.0000293106 0.0000000000
-0.0000275671 0.0000000000
-0.0000257492 0.0000000000
-0.0000235811 0.0000000000
-0.0000200644 0.0000000000
-0.0000184104 0.0000000000
-0.0000165403 0.0000000000
-0.0000153184 0.0000000000
-0.0000114590 0.0000000000
-0.0000093654 0.0000000000
-0.0000059903 0.0000000000
-0.0000054687 0.0000000000
-0.0000045151 0.0000000000
-0.0000028983 0.0000000000
-0.0000018254 0.0000000000
-0.0000017360 0.0000000000
-0.0000016466 0.0000000000
-0.0000009760 0.0000000000
0.0000000224 0.0000000000
0.0000001416 0.0000000000
0.0000006109 0.0000000000
0.0000007525 0.0000000000
0.0000009909 0.0000000000
0.0000002980 0.0000000000
0.0000014529 0.0000000000
-0.0000000745 0.0000000000
-0.0000003129 0.0000000000
0.0000027865 0.0000000000
-0.0000003055 0.0000000000
-0.0000017583 0.0000000000
0.0000010133 0.0000000000
-0.0000009388 0.0000000000
0.0000032708 0.0000000000
0.0000015497 0.0000000000
0.0000013709 0.0000000000
-0.0000001639 0.0000000000
-0.0000019148 0.0000000000
0.0000015348 0.0000000000
0.0000002757 0.0000000000
-0.0000007078 0.0000000000
0.0000000298 0.0000000000
0.0000025630 0.0000000000
0.0000021011 0.0000000000
0.0000014678 0.0000000000
0.0000008568 0.0000000000
-0.0000010356 0.0000000000
-0.0000008270 0.0000000000
-0.0000004172 0.0000000000
0.0000010356 0.0000000000
0.0000007376 0.0000000000
0.0000030994 0.0000000000
-0.0000024810 0.0000000000
0.0000038743 0.0000000000
-0.0000037849 0.0000000000
0.0000036061 0.0000000000
-0.0000006557 0.0000000000
-0.0000003874 0.0000000000
-0.0000017509 0.0000000000
-0.0000004694 0.0000000000
0.0000021830 0.0000000000
-0.0000018328 0.0000000000
-0.0000610352 0.0000000000
-0.0000947788 0.0000000000
-0.0000899211 0.0000000000
-0.0000775829 0.0000000000
-0.0001019239 0.0000000000
-0.0000968054 0.0000000000
-0.0000926331 0.0000000000
-0.0000873730 0.0000000000
-0.0000848621 0.0000000000
-0.0000742003 0.0000000000
-0.0000691116 0.0000000000
-0.0000654683 0.0000000000
-0.0000618845 0.0000000000
-0.0000587106 0.0000000000
-0.0000555664 0.0000000000
-0.0000515804 0.0000000000
-0.0000487342 0.0000000000
-0.0000460222 0.0000000000
-0.0000457913 0.0000000000
-0.0000434220 0.0000000000
-0.0000439435 0.0000000000
-0.0000434443 0.0000000000
-0.0000414029 0.0000000000
-0.0000387952 0.0000000000
-0.0000355989 0.0000000000
-0.0000330955 0.0000000000
-0.0000303015 0.0000000000
-0.0000309423 0.0000000000
-0.0000303239 0.0000000000
-0.0000280216 0.0000000000
-0.0000266805 0.0000000000
-0.0000239611 0.0000000000
-0.0000217110 0.0000000000
-0.0000186563 0.0000000000
-0.0000170544 0.0000000000
-0.0000151619 0.0000000000
-0.0000136048 0.0000000000
-0.0000157431 0.0000000000
-0.0000136495 0.0000000000
-0.0000110567 0.0000000000
-0.0000114962 0.0000000000
-0.0000097975 0.0000000000
-0.0000087172 0.0000000000
-0.0000069141 0.0000000000
-0.0000346005 0.0000000000
-0.0000328124 0.0000000000
-0.0000315160 0.0000000000
-0.0000311807 0.0000000000
-0.0000293031 0.0000000000
-0.0000269413 0.0000000000
-0.0000264123 0.0000000000
-0.0000244007 0.0000000000
-0.0000212938 0.0000000000
-0.0000180304 0.0000000000
-0.0000137761 0.0000000000
-0.0000125095 0.0000000000
-0.0000091046 0.0000000000
-0.0000088960 0.0000000000
-0.0000075176 0.0000000000
-0.0000065044 0.0000000000
-0.0000053793 0.0000000000
-0.0000047386 0.0000000000
-0.0000037700 0.0000000000
-0.0000031516 0.0000000000
-0.0000024363 0.0000000000
0.0000007078 0.0000000000
0.0000007227 0.0000000000
0.0000003800 0.0000000000
0.0000001714 0.0000000000
0.0000000224 0.0000000000
0.0000015870 0.0000000000
-0.0000019073 0.0000000000
-0.0000005364 0.0000000000
-0.0000005364 0.0000000000
-0.0000003278 0.0000000000
0.0000006407 0.0000000000
-0.0000003353 0.0000000000
-0.0000006333 0.0000000000
-0.0000007674 0.0000000000
-0.0000005141 0.0000000000
-0.0000006929 0.0000000000
0.0000002012 0.0000000000
0.0000000075 0.0000000000
-0.0000016987 0.0000000000
0.0000016093 0.0000000000
0.0000001267 0.0000000000
0.0000026599 0.0000000000
0.0000001043 0.0000000000
0.0000007153 0.0000000000
0.0000012740 0.0000000000
-0.0000043437 0.0000000000
0.0000013113 0.0000000000
-0.0000011846 0.0000000000
-0.0000000149 0.0000000000
-0.0000024885 0.0000000000
0.0000587106 0.0000000000
0.0000507757 0.0000000000
0.0000439137 0.0000000000
0.0000394508 0.0000000000
0.0000325367 0.0000000000
0.0000260547 0.0000000000
0.0000235066 0.0000000000
0.0000196248 0.0000000000
0.0000161827 0.0000000000
0.0000126138 0.0000000000
0.0000094175 0.0000000000
0.0000066683 0.0000000000
0.0000035092 0.0000000000
0.0000021160 0.0000000000
0.0000016168 0.0000000000
0.0000011846 0.0000000000
0.0000009015 0.0000000000
0.0000009909 0.0000000000
0.0000008047 0.0000000000
0.0000010505 0.0000000000
0.0000003129 0.0000000000
0.0000001118 0.0000000000
0.0000001267 0.0000000000
0.0000005290 0.0000000000
-0.0000001192 0.0000000000
0.0000004396 0.0000000000
-0.0000002086 0.0000000000
0.0000002310 0.0000000000
-0.0000011250 0.0000000000
0.0000020415 0.0000000000
0.0000008643 0.0000000000
-0.0000025034 0.0000000000
-0.0000000969 0.0000000000
0.0000028536 0.0000000000
-0.0000002980 0.0000000000
-0.0000003204 0.0000000000
-0.0000011623 0.0000000000
0.0000010654 0.0000000000
-0.0000000671 0.0000000000
0.0000009686 0.0000000000
-0.0000053197 0.0000000000
0.0000003874 0.0000000000
-0.0000016913 0.0000000000
-0.0000013933 0.0000000000
0.0000013262 0.0000000000
0.0000015423 0.0000000000
0.0000004917 0.0000000000
0.0000048950 0.0000000000
0.0000003800 0.0000000000
-0.0000001639 0.0000000000
0.0000000224 0.0000000000
0.0000012442 0.0000000000
-0.0000014007 0.0000000000
-0.0000010282 0.0000000000
0.0000013188 0.0000000000
0.0000000596 0.0000000000
-0.0000001565 0.0000000000
-0.0000022277 0.0000000000
-0.0000002980 0.0000000000
-0.0000017732 0.0000000000
-0.0000008345 0.0000000000
-0.0000022277 0.0000000000
0.0000011399 0.0000000000
0.0000010505 0.0000000000
-0.0000001341 0.0000000000
-0.0000007823 0.0000000000
-0.0000029206 0.0000000000
0.0000014529 0.0000000000
0.0000017732 0.0000000000
-0.0000003278 0.0000000000
0.0000022501 0.0000000000
-0.0000002682 0.0000000000
0.0000005886 0.0000000000
-0.0000012815 0.0000000000
-0.0000001043 0.0000000000
0.0000001788 0.0000000000
0.0000002757 0.0000000000
0.0000000075 0.0000000000
0.0000013262 0.0000000000
-0.0000024140 0.0000000000
0.0000018328 0.0000000000
-0.0000006258 0.0000000000
-0.0000004619 0.0000000000
-0.0000007898 0.0000000000
-0.0000004694 0.0000000000
0.0000000894 0.0000000000
0.0000002161 0.0000000000
-0.0000014529 0.0000000000
-0.0000013635 0.0000000000
0.0000219569 0.0000000000
0.0000031814 0.0000000000
-0.0000015125 0.0000000000
0.0000062808 0.0000000000
-0.0000045747 0.0000000000
0.0000052452 0.0000000000
-0.0000010580 0.0000000000
-0.0000002459 0.0000000000
0.0000048354 0.0000000000
-0.0000021830 0.0000000000
-0.0000000298 0.0000000000
0.0000007525 0.0000000000
-0.0000014007 0.0000000000
-0.0000006184 0.0000000000
0.0000010505 0.0000000000
0.0000008941 0.0000000000
-0.0000006333 0.0000000000
-0.0000019222 0.0000000000
-0.0000009388 0.0000000000
-0.0000003427 0.0000000000
-0.0000004172 0.0000000000
-0.0000067949 0.0000000000
0.0000029802 0.0000000000
-0.0000228956 0.0000000000
-0.0000062734 0.0000000000
0.0000013188 0.0000000000
0.0000005364 0.0000000000
-0.0000018626 0.0000000000
-0.0000006855 0.0000000000
-0.0000012591 0.0000000000
-0.0000003874 0.0000000000
-0.0000003278 0.0000000000
0.0000017732 0.0000000000
-0.0000013560 0.0000000000
-0.0000016764 0.0000000000
-0.0000006706 0.0000000000
-0.0000004023 0.0000000000
-0.0000020936 0.0000000000
-0.0000026226 0.0000000000
0.0000068173 0.0000000000
-0.0000032261 0.0000000000
0.0000012368 0.0000000000
-0.0000000671 0.0000000000
-0.0000016913 0.0000000000
0.0000001490 0.0000000000
0.0000002012 0.0000000000
-0.0000007898 0.0000000000
-0.0000003055 0.0000000000
-0.0000012517 0.0000000000
0.0000022575 0.0000000000
0.0000337958 0.0000000000
0.0000228211 0.0000000000
0.0000125915 0.0000000000
-0.0000041649 0.0000000000
-0.0000006407 0.0000000000
0.0000003725 0.0000000000
0.0000015497 0.0000000000
0.0000002608 0.0000000000
0.0000001341 0.0000000000
0.0000002384 0.0000000000
-0.0000015274 0.0000000000
0.0000045002 0.0000000000
-0.0000024810 0.0000000000
0.0000038221 0.0000000000
0.0000582114 0.0000000000
0.0000476465 0.0000000000
0.0000383258 0.0000000000
0.0000299588 0.0000000000
0.0000268295 0.0000000000
0.0000200644 0.0000000000
0.0000120923 0.0000000000
0.0000061244 0.0000000000
0.0000027418 0.0000000000
0.0000007004 0.0000000000
-0.0000004768 0.0000000000
0.0000017658 0.0000000000
0.0000006780 0.0000000000
0.0000010505 0.0000000000
0.0000025630 0.0000000000
-0.0000008270 0.0000000000
0.0000005513 0.0000000000
-0.0002863035 0.0000000000
-0.0002850071 0.0000000000
-0.0002757981 0.0000000000
-0.0002681464 0.0000000000
-0.0002633557 0.0000000000
-0.0002587512 0.0000000000
-0.0002575964 0.0000000000
-0.0002515092 0.0000000000
-0.0002464503 0.0000000000
-0.0002415851 0.0000000000
-0.0002396330 0.0000000000
-0.0002363622 0.0000000000
-0.0002333298 0.0000000000
-0.0002326518 0.0000000000
-0.0002281070 0.0000000000
-0.0002261773 0.0000000000
-0.0002245158 0.0000000000
-0.0002209097 0.0000000000
-0.0002163276 0.0000000000
-0.0002126098 0.0000000000
-0.0002101734 0.0000000000
-0.0002078712 0.0000000000
-0.0002048686 0.0000000000
-0.0002030730 0.0000000000
-0.0002011135 0.0000000000
0.0007512048 0.0000000000
0.0007491857 0.0000000000
0.0007484406 0.0000000000
0.0007464513 0.0000000000
0.0007442981 0.0000000000
0.0007426813 0.0000000000
0.0007416606 0.0000000000
0.0007397905 0.0000000000
0.0007375628 0.0000000000
0.0007362813 0.0000000000
0.0007343963 0.0000000000
0.0007319599 0.0000000000
0.0007341430 0.0000000000
0.0007328093 0.0000000000
0.0007313117 0.0000000000
0.0007297322 0.0000000000
0.0007277504 0.0000000000
0.0007263198 0.0000000000
0.0007245988 0.0000000000
0.0007224679 0.0000000000
0.0007210821 0.0000000000
0.0007196590 0.0000000000
0.0007181466 0.0000000000
0.0007165894 0.0000000000
0.0007145926 0.0000000000
0.0007125214 0.0000000000
0.0007098094 0.0000000000
0.0007087961 0.0000000000
0.0007070377 0.0000000000
0.0007022023 0.0000000000
0.0007002726 0.0000000000
0.0006982535 0.0000000000
0.0006985366 0.0000000000
0.0006965324 0.0000000000
0.0006942376 0.0000000000
0.0006931052 0.0000000000
0.0006914735 0.0000000000
0.0006895065 0.0000000000
0.0006877482 0.0000000000
0.0006862581 0.0000000000
0.0006871521 0.0000000000
0.0006850511 0.0000000000
0.0006834790 0.0000000000
0.0006814450 0.0000000000
0.0006800294 0.0000000000
0.0006790087 0.0000000000
0.0006778538 0.0000000000
0.0006761104 0.0000000000
0.0006742924 0.0000000000
0.0006727427 0.0000000000
0.0006710142 0.0000000000
0.0006698295 0.0000000000
0.0006687716 0.0000000000
0.0006657019 0.0000000000
0.0006635785 0.0000000000
0.0006619096 0.0000000000
0.0006602779 0.0000000000
0.0006589144 0.0000000000
0.0006572381 0.0000000000
0.0006556958 0.0000000000
0.0006543845 0.0000000000
0.0006523654 0.0000000000
0.0006508604 0.0000000000
0.0006501228 0.0000000000
0.0006491169 0.0000000000
0.0006451905 0.0000000000
0.0006430596 0.0000000000
0.0006424561 0.0000000000
0.0006406903 0.0000000000
0.0006395504 0.0000000000
0.0006378070 0.0000000000
0.0006356761 0.0000000000
0.0006331801 0.0000000000
0.0006318092 0.0000000000
0.0006299987 0.0000000000
0.0006283820 0.0000000000
0.0006266758 0.0000000000
0.0006232560 0.0000000000
0.0006217957 0.0000000000
0.0006192625 0.0000000000
0.0006177351 0.0000000000
0.0006152391 0.0000000000
0.0006133690 0.0000000000
0.0006119758 0.0000000000
0.0006107390 0.0000000000
0.0006086379 0.0000000000
0.0006080568 0.0000000000
0.0006073490 0.0000000000
0.0006046146 0.0000000000
0.0006028116 0.0000000000
0.0006022900 0.0000000000
0.0006008595 0.0000000000
0.0005982965 0.0000000000
0.0005965233 0.0000000000
0.0005970970 0.0000000000
0.0005947798 0.0000000000
0.0005925447 0.0000000000
0.0005913600 0.0000000000
0.0005892441 0.0000000000
0.0005845800 0.0000000000
0.0005827919 0.0000000000
0.0006169975 0.0000000000
0.0006164685 0.0000000000
0.0006149411 0.0000000000
0.0006137043 0.0000000000
0.0006121024 0.0000000000
0.0006102026 0.0000000000
0.0006084144 0.0000000000
0.0006070212 0.0000000000
0.0006048381 0.0000000000
0.0006024390 0.0000000000
0.0006005690 0.0000000000
0.0005988851 0.0000000000
0.0005965084 0.0000000000
0.0005950481 0.0000000000
0.0005926862 0.0000000000
0.0005913526 0.0000000000
0.0005891323 0.0000000000
0.0005870536 0.0000000000
0.0005858094 0.0000000000
0.0005839542 0.0000000000
0.0005820245 0.0000000000
0.0005805418 0.0000000000
0.0005788282 0.0000000000
0.0005768165 0.0000000000
0.0005794615 0.0000000000
0.0005786121 0.0000000000
0.0005778596 0.0000000000
0.0005779937 0.0000000000
0.0005766302 0.0000000000
0.0005744696 0.0000000000
0.0005729124 0.0000000000
0.0005709454 0.0000000000
0.0005688369 0.0000000000
0.0005681813 0.0000000000
0.0005659983 0.0000000000
0.0005645826 0.0000000000
0.0005642474 0.0000000000
0.0005634427 0.0000000000
0.0005616397 0.0000000000
0.0005596206 0.0000000000
0.0005550981 0.0000000000
0.0005535036 0.0000000000
0.0005515888 0.0000000000
0.0005496964 0.0000000000
0.0005483925 0.0000000000
0.0005468130 0.0000000000
0.0005448982 0.0000000000
0.0005433857 0.0000000000
0.0005416647 0.0000000000
0.0005394295 0.0000000000
0.0005415827 0.0000000000
0.0005406663 0.0000000000
0.0005388185 0.0000000000
0.0005372688 0.0000000000
0.0005378500 0.0000000000
0.0005361512 0.0000000000
0.0005346090 0.0000000000
0.0005326346 0.0000000000
0.0005314648 0.0000000000
0.0005295351 0.0000000000
0.0005273521 0.0000000000
0.0005265400 0.0000000000
0.0005263388 0.0000000000
0.0005252883 0.0000000000
0.0005521327 0.0000000000
0.0005507097 0.0000000000
0.0005518794 0.0000000000
0.0005461201 0.0000000000
0.0005450174 0.0000000000
0.0005427226 0.0000000000
0.0005404875 0.0000000000
0.0005382299 0.0000000000
0.0005366057 0.0000000000
0.0005355328 0.0000000000
0.0005336925 0.0000000000
0.0005317703 0.0000000000
0.0005298480 0.0000000000
0.0005297437 0.0000000000
0.0005270094 0.0000000000
0.0005254745 0.0000000000
0.0005235225 0.0000000000
0.0005216524 0.0000000000
0.0005203336 0.0000000000
0.0005211011 0.0000000000
0.0005192384 0.0000000000
0.0005166605 0.0000000000
0.0005152598 0.0000000000
0.0005130246 0.0000000000
0.0005114079 0.0000000000
0.0005097166 0.0000000000
0.0005075037 0.0000000000
0.0005053803 0.0000000000
0.0005035698 0.0000000000
0.0005024299 0.0000000000
0.0005000830 0.0000000000
0.0004973561 0.0000000000
0.0005544946 0.0000000000
0.0005533323 0.0000000000
0.0005197376 0.0000000000
0.0005184710 0.0000000000
0.0005161390 0.0000000000
0.0005145893 0.0000000000
0.0005128235 0.0000000000
0.0005113333 0.0000000000
0.0005100071 0.0000000000
0.0005085319 0.0000000000
0.0005069822 0.0000000000
0.0005062670 0.0000000000
0.0005048737 0.0000000000
0.0005053505 0.0000000000
0.0005037934 0.0000000000
0.0005017743 0.0000000000
0.0005004779 0.0000000000
0.0004975945 0.0000000000
0.0004961789 0.0000000000
0.0004944801 0.0000000000
0.0004931465 0.0000000000
0.0004905835 0.0000000000
0.0004880801 0.0000000000
0.0004867241 0.0000000000
0.0004861280 0.0000000000
0.0004838556 0.0000000000
0.0004816800 0.0000000000
0.0004804507 0.0000000000
0.0004789308 0.0000000000
0.0004761592 0.0000000000
0.0004749298 0.0000000000
0.0004728362 0.0000000000
0.0004701689 0.0000000000
0.0004686490 0.0000000000
0.0004675686 0.0000000000
0.0004660338 0.0000000000
0.0004636496 0.0000000000
0.0004617795 0.0000000000
0.0004604608 0.0000000000
0.0004590228 0.0000000000
0.0004582852 0.0000000000
0.0004554093 0.0000000000
0.0004538372 0.0000000000
0.0004542097 0.0000000000
0.0004530028 0.0000000000
0.0004509017 0.0000000000
0.0004499108 0.0000000000
0.0004451200 0.0000000000
0.0004441366 0.0000000000
0.0004414767 0.0000000000
0.0004397482 0.0000000000
0.0004387572 0.0000000000
0.0004357919 0.0000000000
0.0004338399 0.0000000000
0.0004621074 0.0000000000
0.0004602447 0.0000000000
0.0004611090 0.0000000000
0.0004590303 0.0000000000
0.0004568323 0.0000000000
0.0004545376 0.0000000000
0.0004527718 0.0000000000
0.0004202351 0.0000000000
0.0004192591 0.0000000000
0.0004177094 0.0000000000
0.0004156306 0.0000000000
0.0004143789 0.0000000000
0.0004117563 0.0000000000
0.0004106015 0.0000000000
0.0004086569 0.0000000000
0.0004067570 0.0000000000
0.0004091188 0.0000000000
0.0004077926 0.0000000000
0.0004046112 0.0000000000
0.0004028827 0.0000000000
0.0003997311 0.0000000000
0.0003984421 0.0000000000
0.0003965497 0.0000000000
0.0003939494 0.0000000000
0.0003925487 0.0000000000
0.0003912002 0.0000000000
0.0003891811 0.0000000000
0.0003881976 0.0000000000
0.0003859177 0.0000000000
0.0003842264 0.0000000000
0.0003822222 0.0000000000
0.0003802180 0.0000000000
0.0003779754 0.0000000000
0.0003756285 0.0000000000
0.0003740862 0.0000000000
0.0003741309 0.0000000000
0.0003725514 0.0000000000
0.0003711060 0.0000000000
0.0003694519 0.0000000000
0.0003680736 0.0000000000
0.0003667995 0.0000000000
0.0003651008 0.0000000000
0.0003635585 0.0000000000
