-0.7017813325 2.0345361233
-0.6382396221 1.7011352777
-0.5762045383 1.4183568954
-0.5081776977 1.1853663921
-0.4437662959 0.9838243723
-0.3874571323 0.8099766970
-0.3297926188 0.6658067703
-0.2552807629 0.5548117757
-0.1749148369 0.4633860886
-0.1103334874 0.3815324903
-0.0478591025 0.3126491606
-0.0148457810 0.2559393644
0.0041660517 0.2082272768
0.0164875165 0.1696404815
0.0133785307 0.1384580582
0.0060263276 0.1132759526
-0.0153840482 0.0939485654
-0.0295845494 0.0782229751
-0.0292390957 0.0648471341
-0.0193533078 0.0537793674
-0.0331762433 0.0450990126
-0.0130519569 0.0376993679
0.0022589639 0.0319647416
0.0029960647 0.0268126205
0.0007180795 0.0233120173
-0.0084069967 0.0200381298
0.0174050108 0.0166889746
0.0188367367 0.0139563177
0.0116989762 0.0121772951
0.0177106708 0.0091541214
0.0110814273 0.0076020290
0.0055225566 0.0061877035
-0.0033868849 0.0050657070
0.0035142452 0.0042415960
0.0006473064 0.0028862949
0.0012975261 0.0014695642
0.0044338107 0.0008162563
0.0000306815 0.0004734563
-0.0028617308 0.0002052180
0.0000769123 0.0001135790
0.0183682591 0.0000494026
0.0123582035 0.0000684587
0.0045221522 0.0000940076
0.0127309114 0.0000477969
0.0008860156 0.0000673314
-0.0017777532 0.0000322619
0.0016796440 0.0000137901
-0.0054501817 0.0000083647
0.0089494064 0.0000070544
-0.0048192888 0.0000107243
0.0129690245 0.0000088358
0.0041548759 0.0000131915
0.0017342269 0.0000097665
-0.0023035333 0.0000049397
0.0088285431 0.0000030889
0.0017928928 0.0000038423
-0.0012847483 0.0000024075
0.0014903024 0.0000014569
-0.0027691573 0.0000010158
0.0027446598 0.0000008945
-0.0014322773 0.0000007350
0.0025246590 0.0000005563
-0.0019939318 0.0000004449
0.0016746446 0.0000004122
-0.0014407411 0.0000003627
0.0016251877 0.0000003070
-0.0012482554 0.0000002556
0.0016012192 0.0000001887
0.0073011443 0.0000001584
0.0043738410 0.0000001667
0.0025490448 0.0000001670
0.0000459254 0.0000001625
0.0002088547 0.0000001427
-0.0012107491 0.0000001148
0.0001757517 0.0000001122
-0.0000769943 0.0000000979
0.0000061095 0.0000000703
0.0005104467 0.0000000553
-0.0002411976 0.0000000507
-0.0000328943 0.0000000451
-0.0004000217 0.0000000365
0.0005304143 0.0000000346
-0.0000933856 0.0000000337
-0.0015514195 0.0000000325
-0.0010497868 0.0000000320
0.0003770292 0.0000000319
0.0008937344 0.0000000307
0.0006581321 0.0000000306
0.0004495159 0.0000000305
0.0001874343 0.0000000300
0.0000331774 0.0000000296
-0.0000197291 0.0000000282
0.0001562834 0.0000000267
-0.0000839233 0.0000000255
-0.0000063702 0.0000000248
-0.0000357181 0.0000000240
0.0000275970 0.0000000221
-0.0000168160 0.0000000189
0.0000060946 0.0000000186
0.0000105351 0.0000000181
0.0000504181 0.0000000176
-0.0000313967 0.0000000170
-0.0000386536 0.0000000165
-0.0000215396 0.0000000158
0.0001035109 0.0000000139
0.0000225157 0.0000000136
0.0000655651 0.0000000132
-0.0000613779 0.0000000123
-0.0000149012 0.0000000119
0.0000604689 0.0000000113
-0.0000030920 0.0000000096
-0.0000440478 0.0000000074
-0.0000602007 0.0000000071
0.0000634119 0.0000000070
-0.0000192821 0.0000000065
0.0000161007 0.0000000062
0.0000229031 0.0000000060
-0.0000399053 0.0000000056
-0.0000170022 0.0000000054
-0.0000459105 0.0000000053
0.0000140518 0.0000000052
0.0000297874 0.0000000050
-0.0000180230 0.0000000047
-0.0000135899 0.0000000044
-0.0000738427 0.0000000044
0.0000150576 0.0000000044
0.0000142753 0.0000000041
-0.0000004545 0.0000000040
0.0000162274 0.0000000039
-0.0000276268 0.0000000037
0.0000232011 0.0000000036
0.0000186861 0.0000000036
0.0000123605 0.0000000035
-0.0000406355 0.0000000034
0.0000407919 0.0000000030
0.0000100136 0.0000000030
-0.0000014678 0.0000000030
0.0000603721 0.0000000029
0.0000201687 0.0000000028
0.0000351742 0.0000000028
0.0000073165 0.0000000027
0.0000083447 0.0000000026
-0.0000161752 0.0000000026
-0.0000334531 0.0000000026
-0.0000280961 0.0000000026
0.0000645369 0.0000000026
0.0000316203 0.0000000025
-0.0000152141 0.0000000025
-0.0000332370 0.0000000025
0.0000099242 0.0000000025
-0.0000223666 0.0000000025
-0.0000199378 0.0000000025
-0.0000193045 0.0000000024
-0.0000154451 0.0000000023
-0.0000321791 0.0000000023
0.0000047162 0.0000000023
0.0000031739 0.0000000022
-0.0000046492 0.0000000022
0.0000064671 0.0000000022
0.0000000894 0.0000000022
0.0000163689 0.0000000021
-0.0000028536 0.0000000021
0.0000001118 0.0000000021
-0.0000034124 0.0000000020
0.0000046268 0.0000000020
0.0000141934 0.0000000020
0.0000048280 0.0000000020
-0.0000107288 0.0000000020
-0.0000057071 0.0000000020
-0.0000037178 0.0000000019
0.0000020862 0.0000000018
0.0000074431 0.0000000018
-0.0000061318 0.0000000017
0.0000001267 0.0000000017
0.0000043288 0.0000000016
0.0000049993 0.0000000016
0.0000000447 0.0000000016
-0.0000084639 0.0000000015
0.0000073612 0.0000000015
0.0000000745 0.0000000015
-0.0000058189 0.0000000014
0.0000089183 0.0000000014
0.0000093058 0.0000000014
0.0000068024 0.0000000014
-0.0000053048 0.0000000013
-0.0000011623 0.0000000013
-0.0000010133 0.0000000013
-0.0000017881 0.0000000013
-0.0000033006 0.0000000012
0.0000012591 0.0000000012
-0.0000024438 0.0000000011
-0.0000047460 0.0000000011
-0.0000072047 0.0000000011
-0.0000032037 0.0000000011
-0.0000003874 0.0000000011
0.0000018254 0.0000000011
0.0000045374 0.0000000010
-0.0000054389 0.0000000010
0.0000058115 0.0000000010
-0.0000053421 0.0000000010
0.0000009313 0.0000000010
0.0000036433 0.0000000010
0.0000027791 0.0000000009
-0.0000057817 0.0000000009
-0.0000102744 0.0000000009
-0.0000018626 0.0000000009
0.0000098720 0.0000000009
0.0000016466 0.0000000009
-0.0000006557 0.0000000008
-0.0000078827 0.0000000008
0.0000011772 0.0000000008
0.0008452907 0.0000000008
0.0006361902 0.0000000008
0.0005082041 0.0000000008
0.0003502443 0.0000000008
0.0002816468 0.0000000008
-0.0000228435 0.0000000008
-0.0000081807 0.0000000008
-0.0000099614 0.0000000008
-0.0000023767 0.0000000008
-0.0000005811 0.0000000008
0.0000010654 0.0000000008
0.0000037402 0.0000000007
-0.0000054166 0.0000000007
0.0000050589 0.0000000007
0.0000071302 0.0000000007
-0.0000014007 0.0000000007
-0.0000064969 0.0000000007
0.0000022650 0.0000000007
0.0000048876 0.0000000006
0.0000051484 0.0000000006
-0.0000014529 0.0000000006
-0.0000007302 0.0000000006
0.0000323877 0.0000000006
-0.0000156388 0.0000000006
-0.0000095218 0.0000000006
-0.0000054911 0.0000000006
0.0000015348 0.0000000006
0.0000034720 0.0000000006
-0.0000008196 0.0000000006
0.0000055060 0.0000000006
0.0000003502 0.0000000006
0.0000464693 0.0000000006
0.0000036582 0.0000000006
0.0000013635 0.0000000006
0.0000029579 0.0000000006
0.0000060350 0.0000000006
-0.0000341013 0.0000000005
-0.0000182465 0.0000000005
-0.0000086874 0.0000000005
-0.0000018626 0.0000000005
-0.0000028461 0.0000000005
-0.0000008047 0.0000000005
0.0000050440 0.0000000005
0.0000028014 0.0000000005
-0.0000006109 0.0000000005
0.0000062212 0.0000000005
0.0000080392 0.0000000005
0.0000014305 0.0000000005
-0.0000025183 0.0000000005
0.0000044703 0.0000000005
0.0000001863 0.0000000005
-0.0000055358 0.0000000005
0.0000022128 0.0000000005
-0.0000034273 0.0000000005
0.0000016987 0.0000000005
-0.0000060648 0.0000000005
-0.0000026673 0.0000000005
-0.0000010133 0.0000000004
0.0000006035 0.0000000004
0.0000085011 0.0000000004
0.0000005290 0.0000000004
-0.0000005364 0.0000000004
0.0000031963 0.0000000004
-0.0000033453 0.0000000004
0.0000018999 0.0000000004
0.0000019446 0.0000000004
0.0000019521 0.0000000004
0.0000021309 0.0000000004
0.0000041276 0.0000000004
-0.0000029951 0.0000000004
-0.0000006333 0.0000000004
0.0000039563 0.0000000004
0.0000002682 0.0000000004
0.0000292733 0.0000000004
-0.0000223443 0.0000000004
0.0000179633 0.0000000004
-0.0000127181 0.0000000004
-0.0000029504 0.0000000004
-0.0000039637 0.0000000004
0.0000013486 0.0000000004
-0.0000442415 0.0000000004
-0.0000045747 0.0000000004
0.0000024363 0.0000000004
0.0000000894 0.0000000004
-0.0000036806 0.0000000004
-0.0000031069 0.0000000003
-0.0000011474 0.0000000003
-0.0000008419 0.0000000003
0.0000000596 0.0000000003
-0.0000033528 0.0000000003
0.0000035390 0.0000000003
0.0000037104 0.0000000003
-0.0000010505 0.0000000003
-0.0000027195 0.0000000003
0.0000008941 0.0000000003
0.0000028238 0.0000000003
0.0000015497 0.0000000003
-0.0000002608 0.0000000003
-0.0000019968 0.0000000003
-0.0000017285 0.0000000003
-0.0000000820 0.0000000003
0.0000007600 0.0000000003
-0.0000022873 0.0000000003
0.0000243634 0.0000000003
-0.0000168234 0.0000000003
0.0000125617 0.0000000003
0.0000034124 0.0000000003
0.0000022799 0.0000000003
-0.0000013560 0.0000000003
0.0000032410 0.0000000003
0.0000034124 0.0000000003
-0.0000005364 0.0000000003
0.0000036210 0.0000000003
0.0000035688 0.0000000003
-0.0000015348 0.0000000003
0.0000005364 0.0000000003
-0.0000012219 0.0000000003
-0.0000025183 0.0000000003
-0.0000012293 0.0000000003
0.0000024810 0.0000000003
-0.0000024214 0.0000000003
0.0000245273 0.0000000003
0.0000086799 0.0000000003
0.0000031963 0.0000000003
0.0000044629 0.0000000003
0.0000019521 0.0000000003
0.0000007823 0.0000000003
0.0000043809 0.0000000003
0.0000003576 0.0000000003
0.0000022724 0.0000000003
-0.0000029579 0.0000000002
0.0000019744 0.0000000002
-0.0000020489 0.0000000002
-0.0000017434 0.0000000002
0.0000026822 0.0000000002
-0.0000003725 0.0000000002
-0.0000037998 0.0000000002
-0.0000012368 0.0000000002
-0.0000040457 0.0000000002
-0.0000001192 0.0000000002
-0.0000013113 0.0000000002
0.0000002831 0.0000000002
-0.0000472888 0.0000000002
-0.0000218078 0.0000000002
-0.0000077114 0.0000000002
-0.0000041053 0.0000000002
-0.0000007823 0.0000000002
0.0000013262 0.0000000002
-0.0000023469 0.0000000002
0.0000002012 0.0000000002
-0.0000005811 0.0000000002
-0.0000637621 0.0000000002
-0.0000785068 0.0000000002
-0.0000635311 0.0000000002
-0.0000539273 0.0000000002
-0.0000260472 0.0000000002
-0.0000145361 0.0000000002
0.0000393838 0.0000000002
0.0000305548 0.0000000002
0.0000661761 0.0000000002
0.0000856966 0.0000000002
0.0000755563 0.0000000002
0.0000636056 0.0000000002
0.0000539273 0.0000000002
0.0000447482 0.0000000002
0.0000411049 0.0000000002
0.0000317618 0.0000000002
0.0000203177 0.0000000002
0.0000114366 0.0000000002
0.0000058785 0.0000000002
0.0000025406 0.0000000002
-0.0000005141 0.0000000002
-0.0000022650 0.0000000002
-0.0000049844 0.0000000002
-0.0000022650 0.0000000002
-0.0000018775 0.0000000002
-0.0000002086 0.0000000002
-0.0000006929 0.0000000002
0.0000017285 0.0000000002
-0.0000009313 0.0000000002
0.0000008196 0.0000000002
-0.0000014529 0.0000000002
0.0000007302 0.0000000002
0.0000004694 0.0000000002
0.0000023097 0.0000000002
-0.0000124052 0.0000000002
-0.0000043735 0.0000000002
-0.0000000671 0.0000000002
-0.0000022501 0.0000000002
-0.0000020564 0.0000000002
0.0000018328 0.0000000002
-0.0000027195 0.0000000002
0.0000022203 0.0000000002
0.0000008121 0.0000000002
0.0000009313 0.0000000002
0.0000029206 0.0000000002
-0.0000003055 0.0000000002
0.0000318661 0.0000000002
0.0000069216 0.0000000002
0.0000023767 0.0000000002
-0.0000003576 0.0000000002
-0.0000008941 0.0000000002
-0.0000033006 0.0000000002
0.0000004098 0.0000000002
0.0000034049 0.0000000002
0.0000010654 0.0000000002
-0.0000014678 0.0000000002
-0.0000001043 0.0000000002
0.0000031218 0.0000000002
0.0000013039 0.0000000002
0.0000011995 0.0000000002
-0.0000006109 0.0000000002
-0.0000018179 0.0000000002
-0.0000007376 0.0000000002
0.0000047013 0.0000000002
-0.0000107437 0.0000000002
-0.0000020713 0.0000000002
-0.0000001192 0.0000000002
-0.0000016987 0.0000000002
0.0000007972 0.0000000002
0.0000019297 0.0000000002
-0.0000003576 0.0000000002
0.0000028536 0.0000000002
0.0000014752 0.0000000002
-0.0000005588 0.0000000002
0.0000014082 0.0000000002
-0.0000049621 0.0000000002
0.0000143647 0.0000000002
-0.0000125840 0.0000000002
-0.0000017732 0.0000000002
0.0000023097 0.0000000002
-0.0000006035 0.0000000002
-0.0000039488 0.0000000002
0.0000035167 0.0000000002
-0.0000023842 0.0000000002
-0.0000006407 0.0000000002
0.0000026897 0.0000000002
-0.0000063926 0.0000000002
-0.0000020340 0.0000000002
0.0000038296 0.0000000002
-0.0000004619 0.0000000002
0.0000007227 0.0000000002
-0.0000059381 0.0000000002
0.0000004694 0.0000000002
-0.0000006557 0.0000000002
0.0000020862 0.0000000002
-0.0000009164 0.0000000002
0.0000015870 0.0000000002
0.0000014752 0.0000000002
-0.0000002608 0.0000000002
0.0000006855 0.0000000002
0.0000012219 0.0000000002
-0.0000006258 0.0000000001
-0.0000033826 0.0000000001
0.0000007451 0.0000000001
-0.0000002980 0.0000000001
-0.0000014678 0.0000000001
-0.0000020117 0.0000000001
-0.0000011101 0.0000000001
0.0011327416 0.0000000001
0.0020264238 0.0000000001
0.0019583404 0.0000000001
0.0018598586 0.0000000001
0.0018071383 0.0000000001
0.0017475188 0.0000000001
0.0017109439 0.0000000001
0.0016729981 0.0000000001
0.0016438812 0.0000000001
0.0016042218 0.0000000001
0.0015754104 0.0000000001
0.0015491992 0.0000000001
0.0015204325 0.0000000001
0.0015079454 0.0000000001
0.0014880076 0.0000000001
0.0014841706 0.0000000001
0.0014653727 0.0000000001
0.0014564693 0.0000000001
0.0014360398 0.0000000001
0.0014155135 0.0000000001
0.0014076903 0.0000000001
0.0014000982 0.0000000001
0.0013925359 0.0000000001
0.0013847426 0.0000000001
0.0013772398 0.0000000001
0.0013694689 0.0000000001
0.0013612360 0.0000000001
0.0013503209 0.0000000001
0.0013408139 0.0000000001
0.0013329685 0.0000000001
0.0013245121 0.0000000001
0.0013175383 0.0000000001
0.0013072491 0.0000000001
0.0012975708 0.0000000001
0.0012902915 0.0000000001
0.0012834594 0.0000000001
0.0012741089 0.0000000001
0.0012663156 0.0000000001
0.0012578443 0.0000000001
0.0012492537 0.0000000001
0.0012391508 0.0000000001
0.0012315735 0.0000000001
0.0012227446 0.0000000001
0.0012142286 0.0000000001
-0.0000142604 0.0000000001
-0.0000114888 0.0000000001
-0.0000063777 0.0000000001
-0.0000016019 0.0000000001
0.0000004321 0.0000000001
-0.0000010878 0.0000000001
0.0000006855 0.0000000001
0.0000004917 0.0000000001
-0.0000001192 0.0000000001
-0.0000020117 0.0000000001
-0.0000035688 0.0000000001
-0.0000009760 0.0000000001
-0.0000007227 0.0000000001
0.0000010431 0.0000000001
0.0000002161 0.0000000001
-0.0000009313 0.0000000001
0.0000018105 0.0000000001
-0.0000001490 0.0000000001
0.0000021309 0.0000000001
-0.0000002161 0.0000000001
0.0000019819 0.0000000001
0.0000007376 0.0000000001
0.0000014007 0.0000000001
0.0000009388 0.0000000001
-0.0000000298 0.0000000001
-0.0000013411 0.0000000001
-0.0000033975 0.0000000001
-0.0000004172 0.0000000001
-0.0000022575 0.0000000001
0.0000005811 0.0000000001
-0.0000003204 0.0000000001
-0.0000009462 0.0000000001
0.0000017136 0.0000000001
0.0000003800 0.0000000001
0.0000030547 0.0000000001
-0.0000006631 0.0000000001
0.0000014603 0.0000000001
-0.0000005215 0.0000000001
-0.0000001341 0.0000000001
0.0000020266 0.0000000001
0.0000005066 0.0000000001
0.0000022873 0.0000000001
0.0000011623 0.0000000001
-0.0000013411 0.0000000001
0.0000009015 0.0000000001
-0.0000014454 0.0000000001
-0.0000028983 0.0000000001
-0.0000049919 0.0000000001
0.0000013337 0.0000000001
-0.0000053123 0.0000000001
-0.0000031143 0.0000000001
0.0000001490 0.0000000001
0.0000014231 0.0000000001
-0.0000002161 0.0000000001
-0.0000011623 0.0000000001
-0.0000024661 0.0000000001
-0.0000001192 0.0000000001
-0.0000003874 0.0000000001
0.0000008717 0.0000000001
-0.0000002608 0.0000000001
-0.0000015721 0.0000000001
-0.0000033304 0.0000000001
0.0000301152 0.0000000001
-0.0000086650 0.0000000001
-0.0000508204 0.0000000001
0.0000289083 0.0000000001
-0.0000094250 0.0000000001
-0.0000040159 0.0000000001
-0.0000442713 0.0000000001
-0.0000137985 0.0000000001
0.0000063777 0.0000000001
0.0000019819 0.0000000001
-0.0000017211 0.0000000001
0.0000011548 0.0000000001
0.0000006557 0.0000000001
-0.0000056848 0.0000000001
-0.0000024140 0.0000000001
-0.0000010878 0.0000000001
-0.0000023842 0.0000000001
-0.0000001937 0.0000000001
-0.0000003055 0.0000000001
-0.0000007674 0.0000000001
0.0000000298 0.0000000001
-0.0000074804 0.0000000001
-0.0000051782 0.0000000001
-0.0000001714 0.0000000001
0.0000017062 0.0000000001
-0.0000002310 0.0000000001
0.0000525862 0.0000000001
0.0000271127 0.0000000001
-0.0000242963 0.0000000001
-0.0000024289 0.0000000001
0.0000006557 0.0000000001
0.0000012666 0.0000000001
0.0000024512 0.0000000001
-0.0000003055 0.0000000001
0.0000047907 0.0000000001
-0.0000010058 0.0000000001
-0.0000025406 0.0000000001
0.0000002086 0.0000000001
0.0000000149 0.0000000001
-0.0000002682 0.0000000001
-0.0000005439 0.0000000001
0.0000007451 0.0000000001
-0.0000498071 0.0000000001
-0.0000296384 0.0000000001
-0.0000046566 0.0000000001
-0.0000016168 0.0000000001
0.0000002533 0.0000000001
0.0000017732 0.0000000001
-0.0000019297 0.0000000001
0.0000023395 0.0000000001
0.0000227764 0.0000000001
0.0000091195 0.0000000001
0.0000026450 0.0000000001
-0.0000306517 0.0000000001
-0.0000211075 0.0000000001
-0.0000123680 0.0000000001
-0.0000066087 0.0000000001
-0.0000018626 0.0000000001
-0.0000000224 0.0000000001
-0.0000019968 0.0000000001
-0.0000011995 0.0000000001
-0.0000007376 0.0000000001
0.0000010505 0.0000000001
0.0000023618 0.0000000001
0.0000004545 0.0000000001
-0.0000014305 0.0000000001
0.0000006631 0.0000000001
-0.0000019073 0.0000000001
-0.0000001639 0.0000000001
0.0000029802 0.0000000001
-0.0000013337 0.0000000001
-0.0000020936 0.0000000001
-0.0000007898 0.0000000001
0.0000006631 0.0000000001
-0.0000012815 0.0000000001
0.0000002608 0.0000000001
0.0000019819 0.0000000001
-0.0000003725 0.0000000001
0.0000005811 0.0000000001
0.0000032112 0.0000000001
-0.0000123829 0.0000000001
0.0000168979 0.0000000001
-0.0000150576 0.0000000001
0.0000130907 0.0000000001
-0.0000100285 0.0000000001
0.0000057667 0.0000000001
-0.0000347868 0.0000000001
-0.0000101626 0.0000000001
0.0000033006 0.0000000001
0.0000001639 0.0000000001
-0.0000002086 0.0000000001
0.0000007600 0.0000000001
0.0000009164 0.0000000001
0.0000003725 0.0000000001
0.0000013188 0.0000000001
-0.0000024363 0.0000000001
0.0000036806 0.0000000001
0.0000005215 0.0000000001
-0.0000000373 0.0000000001
-0.0000001192 0.0000000001
-0.0000052601 0.0000000001
0.0000024959 0.0000000001
-0.0000035092 0.0000000001
0.0000320822 0.0000000001
-0.0007264465 0.0000000001
-0.0007100180 0.0000000001
-0.0006861612 0.0000000001
-0.0006922409 0.0000000001
-0.0006677210 0.0000000001
-0.0006065145 0.0000000001
-0.0005858839 0.0000000001
-0.0006059632 0.0000000001
-0.0005985200 0.0000000001
-0.0005873367 0.0000000001
-0.0005778372 0.0000000001
-0.0005941242 0.0000000001
-0.0005878806 0.0000000001
-0.0005822256 0.0000000001
-0.0005782694 0.0000000001
-0.0005627200 0.0000000001
-0.0005534068 0.0000000001
-0.0005474389 0.0000000001
-0.0005401745 0.0000000001
-0.0005340055 0.0000000001
-0.0005257726 0.0000000001
-0.0005187243 0.0000000001
-0.0005125478 0.0000000001
-0.0005082786 0.0000000001
-0.0005034208 0.0000000001
-0.0004968867 0.0000000001
-0.0004914254 0.0000000001
-0.0004866347 0.0000000001
-0.0004823357 0.0000000001
-0.0004761517 0.0000000001
-0.0004706085 0.0000000001
-0.0004638955 0.0000000001
-0.0004587471 0.0000000001
-0.0004529655 0.0000000001
-0.0004468113 0.0000000001
-0.0004429966 0.0000000001
-0.0004363954 0.0000000001
-0.0004307926 0.0000000001
-0.0004248247 0.0000000001
-0.0004186183 0.0000000001
-0.0004138276 0.0000000001
-0.0004126877 0.0000000001
-0.0004064441 0.0000000001
-0.0004003718 0.0000000001
-0.0003948957 0.0000000001
-0.0003900453 0.0000000001
-0.0003843457 0.0000000001
-0.0003788173 0.0000000001
-0.0003722310 0.0000000001
-0.0003656447 0.0000000001
-0.0003588945 0.0000000001
-0.0003539175 0.0000000001
-0.0003474131 0.0000000001
-0.0003414899 0.0000000001
-0.0003348589 0.0000000001
-0.0003285035 0.0000000001
-0.0003213659 0.0000000001
-0.0003151149 0.0000000001
-0.0003095195 0.0000000001
-0.0003029779 0.0000000001
-0.0002974272 0.0000000001
-0.0002919063 0.0000000001
-0.0002851039 0.0000000001
-0.0002805591 0.0000000001
-0.0002745688 0.0000000001
-0.0002687201 0.0000000001
-0.0002611652 0.0000000001
-0.0002563819 0.0000000001
-0.0002504513 0.0000000001
-0.0002448633 0.0000000001
-0.0002382621 0.0000000001
-0.0002327710 0.0000000001
-0.0002269968 0.0000000001
-0.0002212152 0.0000000001
-0.0002158508 0.0000000001
-0.0002097636 0.0000000001
-0.0002039298 0.0000000001
-0.0001971498 0.0000000001
-0.0001919866 0.0000000001
-0.0001853853 0.0000000001
-0.0001786053 0.0000000001
-0.0001711175 0.0000000001
-0.0001672208 0.0000000001
-0.0001623482 0.0000000001
-0.0001560822 0.0000000001
-0.0001496896 0.0000000001
-0.0001459047 0.0000000001
-0.0001413971 0.0000000001
-0.0001355931 0.0000000001
-0.0001300499 0.0000000001
-0.0001236424 0.0000000001
-0.0001176074 0.0000000001
-0.0001114085 0.0000000001
-0.0001055449 0.0000000001
-0.0000997707 0.0000000001
-0.0000974387 0.0000000001
-0.0000892505 0.0000000001
-0.0000843629 0.0000000001
-0.0000790507 0.0000000001
-0.0000730976 0.0000000001
-0.0000677779 0.0000000001
-0.0000623167 0.0000000001
-0.0000585094 0.0000000001
0.0000153035 0.0000000001
0.0000125691 0.0000000001
0.0000096112 0.0000000001
0.0000054911 0.0000000001
0.0000023395 0.0000000001
0.0000004768 0.0000000001
-0.0000014454 0.0000000001
-0.0000002906 0.0000000001
0.0000008717 0.0000000001
0.0000003800 0.0000000001
0.0000015646 0.0000000001
0.0000000596 0.0000000001
0.0000005737 0.0000000001
-0.0000006482 0.0000000001
-0.0000005364 0.0000000001
-0.0000006631 0.0000000001
0.0000005215 0.0000000001
0.0000000745 0.0000000001
0.0000030920 0.0000000001
-0.0000005662 0.0000000001
-0.0000015944 0.0000000001
0.0000008047 0.0000000001
-0.0000019819 0.0000000001
-0.0000015870 0.0000000001
0.0000011995 0.0000000001
-0.0000004321 0.0000000001
0.0000000373 0.0000000001
0.0000002608 0.0000000001
-0.0000013337 0.0000000001
0.0000008941 0.0000000001
0.0000022501 0.0000000001
0.0000195727 0.0000000001
0.0000058636 0.0000000001
0.0000022054 0.0000000001
-0.0000011027 0.0000000001
-0.0000035837 0.0000000001
-0.0000022277 0.0000000001
-0.0000017956 0.0000000001
0.0000010431 0.0000000001
0.0000002608 0.0000000001
0.0000036508 0.0000000001
0.0000012740 0.0000000001
0.0000012517 0.0000000001
-0.0000009164 0.0000000001
-0.0000002310 0.0000000001
0.0000000149 0.0000000001
-0.0000005886 0.0000000001
-0.0000294074 0.0000000001
-0.0000145435 0.0000000001
-0.0000160560 0.0000000001
0.0000083745 0.0000000001
-0.0000014901 0.0000000001
-0.0000012666 0.0000000001
0.0000006482 0.0000000001
-0.0000020564 0.0000000001
-0.0000047609 0.0000000001
-0.0000270754 0.0000000001
-0.0000006557 0.0000000001
-0.0000029355 0.0000000001
0.0000016019 0.0000000001
0.0000027344 0.0000000001
-0.0000023916 0.0000000001
0.0000008643 0.0000000001
0.0000061467 0.0000000001
-0.0000000373 0.0000000001
0.0000012666 0.0000000001
-0.0000000224 0.0000000001
-0.0000300184 0.0000000001
-0.0000132844 0.0000000001
0.0000054315 0.0000000001
-0.0000011995 0.0000000001
-0.0000009015 0.0000000001
-0.0000034124 0.0000000001
0.0000044480 0.0000000001
-0.0000029057 0.0000000001
0.0000043064 0.0000000001
0.0000007078 0.0000000001
-0.0000009835 0.0000000001
-0.0000002980 0.0000000001
0.0000013560 0.0000000001
0.0000012666 0.0000000001
0.0000007153 0.0000000001
-0.0000006184 0.0000000001
0.0000007078 0.0000000001
0.0000012219 0.0000000001
-0.0000312328 0.0000000001
-0.0000115708 0.0000000001
0.0000078529 0.0000000001
-0.0000016242 0.0000000001
-0.0000006557 0.0000000001
0.0000708550 0.0000000001
0.0000570640 0.0000000001
0.0000421479 0.0000000001
0.0000272393 0.0000000001
0.0000202656 0.0000000001
0.0000116974 0.0000000001
0.0000537336 0.0000000001
0.0000459254 0.0000000001
0.0000387505 0.0000000001
0.0000335723 0.0000000001
0.0000282079 0.0000000001
0.0000267476 0.0000000001
0.0000222251 0.0000000001
0.0000170767 0.0000000001
0.0000164658 0.0000000001
0.0000132918 0.0000000001
0.0000083297 0.0000000001
0.0000055283 0.0000000001
0.0000042319 0.0000000001
0.0000027195 0.0000000001
0.0000009164 0.0000000001
0.0000010058 0.0000000001
0.0000004247 0.0000000001
-0.0000001118 0.0000000001
0.0000001937 0.0000000001
0.0000003278 0.0000000001
0.0000007153 0.0000000001
0.0000006407 0.0000000001
0.0000006855 0.0000000001
0.0000009984 0.0000000001
-0.0000006929 0.0000000001
0.0000024512 0.0000000001
-0.0000035912 0.0000000001
0.0000008717 0.0000000001
-0.0000014603 0.0000000001
-0.0000026822 0.0000000001
0.0000035614 0.0000000001
-0.0000032559 0.0000000001
-0.0000003800 0.0000000001
-0.0000010133 0.0000000001
-0.0000005960 0.0000000001
0.0000034645 0.0000000001
-0.0000022650 0.0000000001
-0.0000008717 0.0000000001
-0.0000011697 0.0000000001
0.0000004694 0.0000000001
-0.0000014976 0.0000000001
0.0000002831 0.0000000001
-0.0000032261 0.0000000001
-0.0000016466 0.0000000001
0.0000003800 0.0000000001
-0.0000001043 0.0000000001
-0.0000004619 0.0000000001
-0.0000030324 0.0000000001
0.0000016615 0.0000000001
-0.0000061467 0.0000000001
0.0000045076 0.0000000001
-0.0000105724 0.0000000001
-0.0000022277 0.0000000001
-0.0000024810 0.0000000001
0.0000025705 0.0000000001
-0.0000001937 0.0000000001
-0.0000002757 0.0000000001
-0.0000005960 0.0000000001
0.0000339448 0.0000000001
0.0000221506 0.0000000001
0.0000133812 0.0000000001
0.0000084639 0.0000000001
-0.0000006407 0.0000000001
0.0000000596 0.0000000001
-0.0000011325 0.0000000001
0.0000016615 0.0000000001
0.0000016764 0.0000000001
-0.0000010133 0.0000000001
0.0000047535 0.0000000001
0.0000024736 0.0000000001
-0.0000008121 0.0000000001
-0.0000008866 0.0000000001
0.0000016540 0.0000000001
-0.0000001565 0.0000000001
0.0000006706 0.0000000001
-0.0000009313 0.0000000001
-0.0000006780 0.0000000001
-0.0000003427 0.0000000001
0.0000016242 0.0000000001
-0.0000002235 0.0000000001
-0.0000011772 0.0000000001
-0.0000016913 0.0000000001
0.0000000000 0.0000000001
-0.0000031590 0.0000000001
-0.0000004172 0.0000000001
0.0000016615 0.0000000001
-0.0000057146 0.0000000001
0.0000159815 0.0000000001
0.0000255108 0.0000000001
-0.0000270680 0.0000000001
-0.0000034347 0.0000000001
0.0000028610 0.0000000001
-0.0000073165 0.0000000001
-0.0000425726 0.0000000001
-0.0000325814 0.0000000001
-0.0000199452 0.0000000001
-0.0000067353 0.0000000001
-0.0000041127 0.0000000001
-0.0000023544 0.0000000001
0.0000031441 0.0000000001
0.0000007078 0.0000000001
-0.0000023395 0.0000000001
-0.0000000894 0.0000000001
0.0000031069 0.0000000001
0.0000008494 0.0000000001
0.0000009611 0.0000000001
-0.0000057220 0.0000000001
0.0000017136 0.0000000001
-0.0000013188 0.0000000001
-0.0000008121 0.0000000001
0.0000013337 0.0000000001
-0.0000009462 0.0000000001
-0.0000024363 0.0000000001
-0.0000012517 0.0000000001
0.0000050738 0.0000000001
-0.0000008270 0.0000000001
0.0000010133 0.0000000001
-0.0000016242 0.0000000001
0.0000010952 0.0000000001
-0.0000021383 0.0000000001
0.0000028163 0.0000000001
-0.0000003576 0.0000000001
0.0000007972 0.0000000001
0.0000021532 0.0000000001
0.0000013113 0.0000000001
0.0000010133 0.0000000001
-0.0000037625 0.0000000001
0.0000035837 0.0000000001
0.0000014380 0.0000000001
-0.0000052080 0.0000000001
-0.0000008047 0.0000000001
0.0000010952 0.0000000001
-0.0000010654 0.0000000001
0.0000022054 0.0000000001
0.0000019670 0.0000000001
-0.0000012964 0.0000000001
-0.0000005886 0.0000000001
0.0000014678 0.0000000001
-0.0000009909 0.0000000001
0.0000001043 0.0000000001
0.0000302568 0.0000000001
0.0000185817 0.0000000001
0.0000045300 0.0000000001
0.0000018030 0.0000000001
-0.0000005439 0.0000000001
-0.0000008419 0.0000000001
-0.0000009611 0.0000000001
-0.0000005811 0.0000000001
-0.0000008568 0.0000000001
0.0000003129 0.0000000001
-0.0000005290 0.0000000001
0.0000084937 0.0000000001
-0.0000041723 0.0000000001
0.0000031739 0.0000000001
0.0000011325 0.0000000001
-0.0000012591 0.0000000001
-0.0000009388 0.0000000001
0.0000016838 0.0000000001
0.0000006557 0.0000000001
0.0000075847 0.0000000001
-0.0000078008 0.0000000001
-0.0000004843 0.0000000001
0.0000009462 0.0000000001
-0.0000018030 0.0000000001
-0.0000021830 0.0000000001
0.0000026748 0.0000000001
0.0000010803 0.0000000001
0.0000006407 0.0000000001
0.0000007600 0.0000000001
0.0000075847 0.0000000001
-0.0000005886 0.0000000001
-0.0000008196 0.0000000001
0.0000027791 0.0000000001
-0.0000015646 0.0000000001
-0.0000027567 0.0000000001
-0.0000008568 0.0000000001
0.0000008196 0.0000000001
-0.0000045300 0.0000000001
0.0000018179 0.0000000001
-0.0000058785 0.0000000001
0.0000001565 0.0000000001
-0.0000165626 0.0000000001
-0.0000000596 0.0000000001
-0.0000006706 0.0000000001
0.0000001267 0.0000000001
-0.0000001639 0.0000000001
-0.0000005588 0.0000000001
0.0000019222 0.0000000001
0.0000019968 0.0000000001
-0.0000028387 0.0000000001
0.0000001267 0.0000000001
0.0000010058 0.0000000001
0.0000001192 0.0000000001
-0.0000026301 0.0000000001
0.0000013411 0.0000000001
0.0000008196 0.0000000001
0.0000000820 0.0000000001
0.0000007898 0.0000000001
-0.0000013784 0.0000000001
-0.0000010729 0.0000000001
0.0000021681 0.0000000001
0.0000008941 0.0000000001
-0.0000015795 0.0000000001
-0.0000014529 0.0000000001
0.0000012442 0.0000000001
-0.0000028610 0.0000000001
0.0000019073 0.0000000001
0.0000012368 0.0000000001
-0.0000000298 0.0000000001
-0.0000006631 0.0000000001
-0.0000001416 0.0000000001
-0.0000016615 0.0000000001
-0.0000039190 0.0000000001
-0.0000015125 0.0000000001
-0.0000007004 0.0000000001
-0.0000010133 0.0000000001
0.0000008494 0.0000000001
-0.0000020936 0.0000000001
-0.0000002757 0.0000000001
0.0000007153 0.0000000001
0.0000020266 0.0000000001
0.0000001639 0.0000000001
0.0000004843 0.0000000001
-0.0000007376 0.0000000001
-0.0000000820 0.0000000001
0.0000006184 0.0000000001
-0.0000036284 0.0000000001
0.0000037178 0.0000000001
-0.0000104532 0.0000000001
-0.0000152066 0.0000000001
0.0000051633 0.0000000001
-0.0000011176 0.0000000001
0.0000057071 0.0000000001
-0.0000030920 0.0000000001
0.0000015795 0.0000000001
0.0000004098 0.0000000001
0.0000009462 0.0000000001
-0.0000027642 0.0000000001
0.0000007451 0.0000000000
0.0000008568 0.0000000000
-0.0000008866 0.0000000000
0.0000004098 0.0000000000
0.0000005811 0.0000000000
0.0000006258 0.0000000000
-0.0000011176 0.0000000000
0.0000011176 0.0000000000
0.0000010282 0.0000000000
0.0000010952 0.0000000000
-0.0000007823 0.0000000000
-0.0000013486 0.0000000000
0.0000021309 0.0000000000
-0.0000054613 0.0000000000
-0.0000232607 0.0000000000
0.0000239611 0.0000000000
0.0000016168 0.0000000000
-0.0000053123 0.0000000000
0.0000090674 0.0000000000
-0.0000073910 0.0000000000
0.0000022054 0.0000000000
-0.0000028536 0.0000000000
-0.0000014827 0.0000000000
0.0000004917 0.0000000000
-0.0000008196 0.0000000000
-0.0000003651 0.0000000000
0.0000017062 0.0000000000
-0.0000009760 0.0000000000
-0.0000002533 0.0000000000
-0.0000002310 0.0000000000
0.0000039414 0.0000000000
-0.0000012368 0.0000000000
-0.0000011772 0.0000000000
0.0000012219 0.0000000000
-0.0000016168 0.0000000000
0.0000041351 0.0000000000
-0.0000048205 0.0000000000
-0.0000499934 0.0000000000
-0.0000374243 0.0000000000
-0.0000245124 0.0000000000
-0.0000100434 0.0000000000
-0.0000058338 0.0000000000
-0.0000012964 0.0000000000
-0.0000003278 0.0000000000
0.0000001118 0.0000000000
-0.0000003651 0.0000000000
0.0000030324 0.0000000000
0.0000001714 0.0000000000
0.0000004992 0.0000000000
-0.0000013039 0.0000000000
-0.0000023171 0.0000000000
0.0000007078 0.0000000000
0.0000006482 0.0000000000
-0.0000002235 0.0000000000
0.0000030622 0.0000000000
-0.0000013337 0.0000000000
-0.0000000224 0.0000000000
-0.0000020713 0.0000000000
0.0000005364 0.0000000000
0.0000004545 0.0000000000
0.0000013113 0.0000000000
0.0000004098 0.0000000000
-0.0000005364 0.0000000000
-0.0000022650 0.0000000000
0.0000014454 0.0000000000
-0.0000013784 0.0000000000
0.0000018775 0.0000000000
-0.0000004023 0.0000000000
0.0000002906 0.0000000000
-0.0000018254 0.0000000000
-0.0000003129 0.0000000000
-0.0000011027 0.0000000000
-0.0000002384 0.0000000000
-0.0000031143 0.0000000000
0.0000031590 0.0000000000
-0.0000039190 0.0000000000
-0.0000001490 0.0000000000
-0.0000006333 0.0000000000
-0.0000012964 0.0000000000
0.0000006706 0.0000000000
-0.0000019595 0.0000000000
0.0000003353 0.0000000000
0.0000001267 0.0000000000
0.0000003725 0.0000000000
0.0000009090 0.0000000000
0.0000000671 0.0000000000
0.0000011250 0.0000000000
0.0000018030 0.0000000000
-0.0000005066 0.0000000000
-0.0000007898 0.0000000000
0.0000515431 0.0000000000
0.0000345334 0.0000000000
0.0000181273 0.0000000000
0.0000072569 0.0000000000
-0.0000033751 0.0000000000
-0.0000012517 0.0000000000
0.0000002459 0.0000000000
0.0000023395 0.0000000000
-0.0000016391 0.0000000000
0.0000006035 0.0000000000
0.0000002980 0.0000000000
-0.0000000745 0.0000000000
-0.0000010431 0.0000000000
-0.0000016317 0.0000000000
0.0000007674 0.0000000000
-0.0000017211 0.0000000000
0.0000007898 0.0000000000
0.0000010580 0.0000000000
-0.0000005960 0.0000000000
0.0000049844 0.0000000000
-0.0000015423 0.0000000000
-0.0000008643 0.0000000000
0.0000024959 0.0000000000
-0.0000005737 0.0000000000
0.0000022873 0.0000000000
-0.0000012517 0.0000000000
-0.0000004247 0.0000000000
-0.0000021085 0.0000000000
0.0000000075 0.0000000000
0.0000004694 0.0000000000
0.0000042915 0.0000000000
0.0000011176 0.0000000000
-0.0000011399 0.0000000000
-0.0000000745 0.0000000000
0.0000011176 0.0000000000
-0.0000000373 0.0000000000
0.0000020415 0.0000000000
-0.0000012964 0.0000000000
0.0000014231 0.0000000000
-0.0000020489 0.0000000000
-0.0000015944 0.0000000000
-0.0000007227 0.0000000000
-0.0000010207 0.0000000000
0.0000017211 0.0000000000
-0.0000004098 0.0000000000
-0.0000008792 0.0000000000
-0.0000002980 0.0000000000
-0.0000005066 0.0000000000
0.0000013486 0.0000000000
-0.0000038445 0.0000000000
0.0000002161 0.0000000000
0.0000018105 0.0000000000
0.0000023395 0.0000000000
0.0000020638 0.0000000000
-0.0000002831 0.0000000000
-0.0000022352 0.0000000000
0.0000011995 0.0000000000
-0.0000007525 0.0000000000
-0.0000013560 0.0000000000
-0.0000012964 0.0000000000
0.0000001267 0.0000000000
-0.0000008568 0.0000000000
0.0000002980 0.0000000000
-0.0000006557 0.0000000000
-0.0000010207 0.0000000000
-0.0000009909 0.0000000000
0.0000036508 0.0000000000
-0.0000070333 0.0000000000
0.0000070184 0.0000000000
-0.0000042394 0.0000000000
0.0000019670 0.0000000000
-0.0000000596 0.0000000000
-0.0000004843 0.0000000000
-0.0000039488 0.0000000000
0.0000053644 0.0000000000
-0.0000019968 0.0000000000
0.0000018850 0.0000000000
-0.0000040382 0.0000000000
-0.0000614747 0.0000000000
-0.0000557527 0.0000000000
-0.0000497550 0.0000000000
-0.0000439212 0.0000000000
-0.0000438690 0.0000000000
-0.0000415146 0.0000000000
-0.0000349805 0.0000000000
-0.0000261366 0.0000000000
-0.0000222400 0.0000000000
-0.0000847578 0.0000000000
-0.0001434088 0.0000000000
-0.0001439750 0.0000000000
-0.0001399294 0.0000000000
-0.0001356453 0.0000000000
-0.0001323819 0.0000000000
-0.0001294017 0.0000000000
-0.0001266524 0.0000000000
-0.0001244769 0.0000000000
-0.0001221821 0.0000000000
-0.0001198798 0.0000000000
-0.0001172572 0.0000000000
-0.0001194775 0.0000000000
-0.0001175627 0.0000000000
-0.0001167431 0.0000000000
-0.0001148582 0.0000000000
-0.0001129434 0.0000000000
-0.0001101345 0.0000000000
-0.0001081973 0.0000000000
-0.0001074225 0.0000000000
-0.0001052245 0.0000000000
-0.0001031011 0.0000000000
-0.0000998527 0.0000000000
-0.0000986084 0.0000000000
-0.0000968799 0.0000000000
-0.0000945777 0.0000000000
-0.0000905916 0.0000000000
-0.0000897050 0.0000000000
-0.0000880361 0.0000000000
-0.0000855327 0.0000000000
-0.0000832155 0.0000000000
-0.0000852197 0.0000000000
-0.0000836924 0.0000000000
-0.0000810698 0.0000000000
-0.0000789687 0.0000000000
-0.0000767261 0.0000000000
-0.0000753179 0.0000000000
-0.0000730082 0.0000000000
-0.0000704527 0.0000000000
-0.0000694916 0.0000000000
-0.0000684187 0.0000000000
-0.0000671670 0.0000000000
-0.0000657141 0.0000000000
-0.0000636801 0.0000000000
-0.0000618845 0.0000000000
-0.0000598133 0.0000000000
-0.0000599027 0.0000000000
-0.0000580251 0.0000000000
-0.0000568852 0.0000000000
-0.0000533760 0.0000000000
-0.0000481680 0.0000000000
-0.0000471920 0.0000000000
-0.0000460744 0.0000000000
-0.0000453889 0.0000000000
-0.0000434294 0.0000000000
-0.0000444204 0.0000000000
-0.0000428706 0.0000000000
-0.0000406057 0.0000000000
-0.0000392497 0.0000000000
-0.0000377148 0.0000000000
-0.0000335053 0.0000000000
-0.0000321195 0.0000000000
-0.0000293106 0.0000000000
-0.0000274777 0.0000000000
-0.0000256449 0.0000000000
-0.0000235066 0.0000000000
-0.0000200644 0.0000000000
-0.0000183508 0.0000000000
-0.0000164807 0.0000000000
-0.0000152886 0.0000000000
-0.0000113696 0.0000000000
-0.0000093058 0.0000000000
-0.0000059903 0.0000000000
-0.0000054687 0.0000000000
-0.0000045151 0.0000000000
-0.0000028983 0.0000000000
-0.0000018254 0.0000000000
-0.0000017360 0.0000000000
-0.0000014976 0.0000000000
-0.0000009760 0.0000000000
0.0000000224 0.0000000000
0.0000000820 0.0000000000
0.0000006109 0.0000000000
0.0000008121 0.0000000000
0.0000009909 0.0000000000
0.0000002980 0.0000000000
0.0000014529 0.0000000000
-0.0000001341 0.0000000000
-0.0000003129 0.0000000000
0.0000027567 0.0000000000
-0.0000003055 0.0000000000
-0.0000017583 0.0000000000
0.0000010133 0.0000000000
-0.0000009388 0.0000000000
0.0000032708 0.0000000000
0.0000015497 0.0000000000
0.0000013560 0.0000000000
-0.0000001639 0.0000000000
-0.0000019148 0.0000000000
0.0000015348 0.0000000000
0.0000002757 0.0000000000
-0.0000007078 0.0000000000
0.0000000298 0.0000000000
0.0000025630 0.0000000000
0.0000020713 0.0000000000
0.0000014678 0.0000000000
0.0000008568 0.0000000000
-0.0000009909 0.0000000000
-0.0000008270 0.0000000000
-0.0000003874 0.0000000000
0.0000010356 0.0000000000
0.0000007376 0.0000000000
0.0000030696 0.0000000000
-0.0000024810 0.0000000000
0.0000038743 0.0000000000
-0.0000037849 0.0000000000
0.0000035316 0.0000000000
-0.0000006557 0.0000000000
-0.0000003427 0.0000000000
-0.0000017211 0.0000000000
-0.0000004694 0.0000000000
0.0000021681 0.0000000000
-0.0000018328 0.0000000000
-0.0000610352 0.0000000000
-0.0000947639 0.0000000000
-0.0000899211 0.0000000000
-0.0000775829 0.0000000000
-0.0001019239 0.0000000000
-0.0000968054 0.0000000000
-0.0000926331 0.0000000000
-0.0000873432 0.0000000000
-0.0000848621 0.0000000000
-0.0000742003 0.0000000000
-0.0000691116 0.0000000000
-0.0000654683 0.0000000000
-0.0000618845 0.0000000000
-0.0000587106 0.0000000000
-0.0000555664 0.0000000000
-0.0000515804 0.0000000000
-0.0000487342 0.0000000000
-0.0000459775 0.0000000000
-0.0000457913 0.0000000000
-0.0000433922 0.0000000000
-0.0000439286 0.0000000000
-0.0000434294 0.0000000000
-0.0000413880 0.0000000000
-0.0000387058 0.0000000000
-0.0000354797 0.0000000000
-0.0000329912 0.0000000000
-0.0000302270 0.0000000000
-0.0000309125 0.0000000000
-0.0000301600 0.0000000000
-0.0000279173 0.0000000000
-0.0000264719 0.0000000000
-0.0000239015 0.0000000000
-0.0000216812 0.0000000000
-0.0000186563 0.0000000000
-0.0000170395 0.0000000000
-0.0000150427 0.0000000000
-0.0000135303 0.0000000000
-0.0000156835 0.0000000000
-0.0000135601 0.0000000000
-0.0000110269 0.0000000000
-0.0000114217 0.0000000000
-0.0000097528 0.0000000000
-0.0000085980 0.0000000000
-0.0000067949 0.0000000000
-0.0000345558 0.0000000000
-0.0000328124 0.0000000000
-0.0000313818 0.0000000000
-0.0000311509 0.0000000000
-0.0000292435 0.0000000000
-0.0000269413 0.0000000000
-0.0000262931 0.0000000000
-0.0000243112 0.0000000000
-0.0000212938 0.0000000000
-0.0000178814 0.0000000000
-0.0000137761 0.0000000000
-0.0000125095 0.0000000000
-0.0000091046 0.0000000000
-0.0000088662 0.0000000000
-0.0000075176 0.0000000000
-0.0000064895 0.0000000000
-0.0000053048 0.0000000000
-0.0000047088 0.0000000000
-0.0000036806 0.0000000000
-0.0000030473 0.0000000000
-0.0000023320 0.0000000000
0.0000007078 0.0000000000
0.0000006929 0.0000000000
0.0000003800 0.0000000000
0.0000001714 0.0000000000
0.0000000224 0.0000000000
0.0000015870 0.0000000000
-0.0000019073 0.0000000000
-0.0000005364 0.0000000000
-0.0000005364 0.0000000000
-0.0000003278 0.0000000000
0.0000006407 0.0000000000
-0.0000003353 0.0000000000
-0.0000005886 0.0000000000
-0.0000007674 0.0000000000
-0.0000005141 0.0000000000
-0.0000006035 0.0000000000
0.0000002012 0.0000000000
0.0000000075 0.0000000000
-0.0000016987 0.0000000000
0.0000016093 0.0000000000
0.0000001267 0.0000000000
0.0000026599 0.0000000000
0.0000001043 0.0000000000
0.0000007153 0.0000000000
0.0000012740 0.0000000000
-0.0000043437 0.0000000000
0.0000013113 0.0000000000
-0.0000011846 0.0000000000
-0.0000000149 0.0000000000
-0.0000024885 0.0000000000
0.0000587106 0.0000000000
0.0000507757 0.0000000000
0.0000439137 0.0000000000
0.0000394508 0.0000000000
0.0000325367 0.0000000000
0.0000261739 0.0000000000
0.0000235066 0.0000000000
0.0000196248 0.0000000000
0.0000161827 0.0000000000
0.0000126138 0.0000000000
0.0000094175 0.0000000000
0.0000066683 0.0000000000
0.0000035092 0.0000000000
0.0000021160 0.0000000000
0.0000016168 0.0000000000
0.0000011548 0.0000000000
0.0000009015 0.0000000000
0.0000009909 0.0000000000
0.0000008047 0.0000000000
0.0000009760 0.0000000000
0.0000002682 0.0000000000
0.0000001118 0.0000000000
0.0000001267 0.0000000000
0.0000005290 0.0000000000
-0.0000001192 0.0000000000
0.0000004396 0.0000000000
-0.0000002086 0.0000000000
0.0000002310 0.0000000000
-0.0000011250 0.0000000000
0.0000020415 0.0000000000
0.0000008643 0.0000000000
-0.0000025034 0.0000000000
-0.0000000969 0.0000000000
0.0000028536 0.0000000000
-0.0000002980 0.0000000000
-0.0000003204 0.0000000000
-0.0000011623 0.0000000000
0.0000010654 0.0000000000
-0.0000000671 0.0000000000
0.0000009686 0.0000000000
-0.0000053197 0.0000000000
0.0000003874 0.0000000000
-0.0000016913 0.0000000000
-0.0000013784 0.0000000000
0.0000013262 0.0000000000
0.0000015423 0.0000000000
0.0000004917 0.0000000000
0.0000048652 0.0000000000
0.0000003800 0.0000000000
-0.0000001639 0.0000000000
0.0000000224 0.0000000000
0.0000012442 0.0000000000
-0.0000014007 0.0000000000
-0.0000010282 0.0000000000
0.0000013188 0.0000000000
0.0000000596 0.0000000000
-0.0000001565 0.0000000000
-0.0000022277 0.0000000000
-0.0000002980 0.0000000000
-0.0000017732 0.0000000000
-0.0000008345 0.0000000000
-0.0000022277 0.0000000000
0.0000011399 0.0000000000
0.0000010505 0.0000000000
-0.0000001341 0.0000000000
-0.0000007823 0.0000000000
-0.0000029206 0.0000000000
0.0000014529 0.0000000000
0.0000017732 0.0000000000
-0.0000003278 0.0000000000
0.0000022501 0.0000000000
-0.0000002682 0.0000000000
0.0000005886 0.0000000000
-0.0000012815 0.0000000000
-0.0000001043 0.0000000000
0.0000001788 0.0000000000
0.0000002757 0.0000000000
0.0000000075 0.0000000000
0.0000013262 0.0000000000
-0.0000024140 0.0000000000
0.0000018328 0.0000000000
-0.0000006258 0.0000000000
-0.0000004619 0.0000000000
-0.0000007898 0.0000000000
-0.0000004694 0.0000000000
0.0000000894 0.0000000000
0.0000002161 0.0000000000
-0.0000013486 0.0000000000
-0.0000013188 0.0000000000
0.0000219569 0.0000000000
0.0000031814 0.0000000000
-0.0000014976 0.0000000000
0.0000062808 0.0000000000
-0.0000045747 0.0000000000
0.0000052452 0.0000000000
-0.0000010580 0.0000000000
-0.0000002310 0.0000000000
0.0000048354 0.0000000000
-0.0000021830 0.0000000000
-0.0000000298 0.0000000000
0.0000007525 0.0000000000
-0.0000014007 0.0000000000
-0.0000006184 0.0000000000
0.0000010505 0.0000000000
0.0000008941 0.0000000000
-0.0000006333 0.0000000000
-0.0000019222 0.0000000000
-0.0000009388 0.0000000000
-0.0000003427 0.0000000000
-0.0000004172 0.0000000000
-0.0000067949 0.0000000000
0.0000029802 0.0000000000
-0.0000228956 0.0000000000
-0.0000062734 0.0000000000
0.0000013188 0.0000000000
0.0000005364 0.0000000000
-0.0000018626 0.0000000000
-0.0000006855 0.0000000000
-0.0000012591 0.0000000000
-0.0000003874 0.0000000000
-0.0000003278 0.0000000000
0.0000017732 0.0000000000
-0.0000013560 0.0000000000
-0.0000016764 0.0000000000
-0.0000006706 0.0000000000
-0.0000004023 0.0000000000
-0.0000020936 0.0000000000
-0.0000026226 0.0000000000
0.0000068173 0.0000000000
-0.0000032261 0.0000000000
0.0000012368 0.0000000000
-0.0000000671 0.0000000000
-0.0000016913 0.0000000000
0.0000001490 0.0000000000
0.0000002012 0.0000000000
-0.0000007898 0.0000000000
-0.0000003055 0.0000000000
-0.0000012517 0.0000000000
0.0000022575 0.0000000000
0.0000337958 0.0000000000
0.0000228211 0.0000000000
0.0000125915 0.0000000000
-0.0000041649 0.0000000000
-0.0000006407 0.0000000000
0.0000003725 0.0000000000
0.0000015497 0.0000000000
0.0000002608 0.0000000000
0.0000001341 0.0000000000
0.0000002384 0.0000000000
-0.0000015274 0.0000000000
0.0000045002 0.0000000000
-0.0000024810 0.0000000000
0.0000038072 0.0000000000
0.0000582114 0.0000000000
0.0000476465 0.0000000000
0.0000383258 0.0000000000
0.0000299588 0.0000000000
0.0000268146 0.0000000000
0.0000200644 0.0000000000
0.0000120625 0.0000000000
0.0000061244 0.0000000000
0.0000027418 0.0000000000
0.0000007004 0.0000000000
-0.0000004768 0.0000000000
0.0000017658 0.0000000000
0.0000006780 0.0000000000
0.0000010505 0.0000000000
0.0000025630 0.0000000000
-0.0000008270 0.0000000000
0.0000005513 0.0000000000
-0.0002863035 0.0000000000
-0.0002850071 0.0000000000
-0.0002757981 0.0000000000
-0.0002681464 0.0000000000
-0.0002633557 0.0000000000
-0.0002587512 0.0000000000
-0.0002575964 0.0000000000
-0.0002515092 0.0000000000
-0.0002464503 0.0000000000
-0.0002416596 0.0000000000
-0.0002396330 0.0000000000
-0.0002363324 0.0000000000
-0.0002333298 0.0000000000
-0.0002326518 0.0000000000
-0.0002281070 0.0000000000
-0.0002261773 0.0000000000
-0.0002245158 0.0000000000
-0.0002209097 0.0000000000
-0.0002163276 0.0000000000
-0.0002126098 0.0000000000
-0.0002101734 0.0000000000
-0.0002078861 0.0000000000
-0.0002048686 0.0000000000
-0.0002030730 0.0000000000
-0.0002011135 0.0000000000
0.0007512048 0.0000000000
0.0007491857 0.0000000000
0.0007484406 0.0000000000
0.0007464513 0.0000000000
0.0007442981 0.0000000000
0.0007426813 0.0000000000
0.0007416606 0.0000000000
0.0007397905 0.0000000000
0.0007375628 0.0000000000
0.0007362813 0.0000000000
0.0007343814 0.0000000000
0.0007319599 0.0000000000
0.0007341430 0.0000000000
0.0007327795 0.0000000000
0.0007313117 0.0000000000
0.0007297322 0.0000000000
0.0007277504 0.0000000000
0.0007262900 0.0000000000
0.0007245988 0.0000000000
0.0007224679 0.0000000000
0.0007210821 0.0000000000
0.0007196292 0.0000000000
0.0007181466 0.0000000000
0.0007165596 0.0000000000
0.0007145926 0.0000000000
0.0007125214 0.0000000000
0.0007098094 0.0000000000
0.0007087663 0.0000000000
0.0007070377 0.0000000000
0.0007022023 0.0000000000
0.0007002726 0.0000000000
0.0006982535 0.0000000000
0.0006985366 0.0000000000
0.0006965324 0.0000000000
0.0006942376 0.0000000000
0.0006931052 0.0000000000
0.0006914735 0.0000000000
0.0006895065 0.0000000000
0.0006877333 0.0000000000
0.0006862581 0.0000000000
0.0006871521 0.0000000000
0.0006850511 0.0000000000
0.0006834790 0.0000000000
0.0006814450 0.0000000000
0.0006800294 0.0000000000
0.0006790087 0.0000000000
0.0006778538 0.0000000000
0.0006761104 0.0000000000
0.0006742924 0.0000000000
0.0006727427 0.0000000000
0.0006710142 0.0000000000
0.0006698295 0.0000000000
0.0006687865 0.0000000000
0.0006657019 0.0000000000
0.0006635785 0.0000000000
0.0006619096 0.0000000000
0.0006602779 0.0000000000
0.0006588846 0.0000000000
0.0006572381 0.0000000000
0.0006556958 0.0000000000
0.0006543845 0.0000000000
0.0006523654 0.0000000000
0.0006508604 0.0000000000
0.0006501228 0.0000000000
0.0006491169 0.0000000000
0.0006451905 0.0000000000
0.0006430596 0.0000000000
0.0006424561 0.0000000000
0.0006406903 0.0000000000
0.0006395504 0.0000000000
0.0006378070 0.0000000000
0.0006356612 0.0000000000
0.0006331801 0.0000000000
0.0006318092 0.0000000000
0.0006299987 0.0000000000
0.0006283820 0.0000000000
0.0006266758 0.0000000000
0.0006232560 0.0000000000
0.0006217957 0.0000000000
0.0006192625 0.0000000000
0.0006177351 0.0000000000
0.0006152391 0.0000000000
0.0006133690 0.0000000000
0.0006119758 0.0000000000
0.0006107390 0.0000000000
0.0006086379 0.0000000000
0.0006080568 0.0000000000
0.0006073490 0.0000000000
0.0006045699 0.0000000000
0.0006028116 0.0000000000
0.0006022900 0.0000000000
0.0006008595 0.0000000000
0.0005982965 0.0000000000
0.0005965233 0.0000000000
0.0005970970 0.0000000000
0.0005947798 0.0000000000
0.0005925447 0.0000000000
0.0005913600 0.0000000000
0.0005892441 0.0000000000
0.0005845800 0.0000000000
0.0005827919 0.0000000000
0.0006169975 0.0000000000
0.0006164685 0.0000000000
0.0006149411 0.0000000000
0.0006137043 0.0000000000
0.0006121024 0.0000000000
0.0006102026 0.0000000000
0.0006084144 0.0000000000
0.0006070212 0.0000000000
0.0006048381 0.0000000000
0.0006024390 0.0000000000
0.0006005690 0.0000000000
0.0005988851 0.0000000000
0.0005965084 0.0000000000
0.0005950481 0.0000000000
0.0005926862 0.0000000000
0.0005913526 0.0000000000
0.0005891323 0.0000000000
0.0005870536 0.0000000000
0.0005858094 0.0000000000
0.0005839542 0.0000000000
0.0005820245 0.0000000000
0.0005805418 0.0000000000
0.0005788282 0.0000000000
0.0005768165 0.0000000000
0.0005794615 0.0000000000
0.0005786121 0.0000000000
0.0005778596 0.0000000000
0.0005779937 0.0000000000
0.0005766302 0.0000000000
0.0005744696 0.0000000000
0.0005729124 0.0000000000
0.0005709454 0.0000000000
0.0005688369 0.0000000000
0.0005681813 0.0000000000
0.0005659983 0.0000000000
0.0005645826 0.0000000000
0.0005642474 0.0000000000
0.0005634427 0.0000000000
0.0005616397 0.0000000000
0.0005596206 0.0000000000
0.0005550981 0.0000000000
0.0005535036 0.0000000000
0.0005515888 0.0000000000
0.0005496964 0.0000000000
0.0005483925 0.0000000000
0.0005468130 0.0000000000
0.0005448982 0.0000000000
0.0005433857 0.0000000000
0.0005416647 0.0000000000
0.0005394295 0.0000000000
0.0005415827 0.0000000000
0.0005406663 0.0000000000
0.0005388185 0.0000000000
0.0005372688 0.0000000000
0.0005378500 0.0000000000
0.0005361512 0.0000000000
0.0005346090 0.0000000000
0.0005326346 0.0000000000
0.0005314648 0.0000000000
0.0005295351 0.0000000000
0.0005273521 0.0000000000
0.0005265400 0.0000000000
0.0005263388 0.0000000000
0.0005252883 0.0000000000
0.0005521327 0.0000000000
0.0005507097 0.0000000000
0.0005518794 0.0000000000
0.0005461201 0.0000000000
0.0005450174 0.0000000000
0.0005427226 0.0000000000
0.0005404875 0.0000000000
0.0005382299 0.0000000000
0.0005366057 0.0000000000
0.0005355328 0.0000000000
0.0005336925 0.0000000000
0.0005317703 0.0000000000
0.0005298480 0.0000000000
0.0005297437 0.0000000000
0.0005270094 0.0000000000
0.0005254745 0.0000000000
0.0005235225 0.0000000000
0.0005216524 0.0000000000
0.0005203336 0.0000000000
0.0005211011 0.0000000000
0.0005192384 0.0000000000
0.0005166605 0.0000000000
0.0005152598 0.0000000000
0.0005130246 0.0000000000
0.0005114079 0.0000000000
0.0005097166 0.0000000000
0.0005075037 0.0000000000
0.0005053803 0.0000000000
0.0005035698 0.0000000000
0.0005024299 0.0000000000
0.0005000830 0.0000000000
0.0004973561 0.0000000000
0.0005544946 0.0000000000
0.0005533323 0.0000000000
0.0005197376 0.0000000000
0.0005184710 0.0000000000
0.0005161390 0.0000000000
0.0005145893 0.0000000000
0.0005128235 0.0000000000
0.0005113333 0.0000000000
0.0005100071 0.0000000000
0.0005085319 0.0000000000
0.0005069822 0.0000000000
0.0005062670 0.0000000000
0.0005048737 0.0000000000
0.0005053505 0.0000000000
0.0005037934 0.0000000000
0.0005017743 0.0000000000
0.0005004779 0.0000000000
0.0004975945 0.0000000000
0.0004961789 0.0000000000
0.0004944801 0.0000000000
0.0004931465 0.0000000000
0.0004905835 0.0000000000
0.0004880801 0.0000000000
0.0004867241 0.0000000000
0.0004861280 0.0000000000
0.0004838556 0.0000000000
0.0004816800 0.0000000000
0.0004804507 0.0000000000
0.0004789308 0.0000000000
0.0004761592 0.0000000000
0.0004749298 0.0000000000
0.0004728362 0.0000000000
0.0004701689 0.0000000000
0.0004686490 0.0000000000
0.0004675686 0.0000000000
0.0004660338 0.0000000000
0.0004636496 0.0000000000
0.0004617795 0.0000000000
0.0004604608 0.0000000000
0.0004590228 0.0000000000
0.0004582852 0.0000000000
0.0004554093 0.0000000000
0.0004538372 0.0000000000
0.0004542097 0.0000000000
0.0004530028 0.0000000000
0.0004509017 0.0000000000
0.0004499108 0.0000000000
0.0004451200 0.0000000000
0.0004441366 0.0000000000
0.0004414767 0.0000000000
0.0004397482 0.0000000000
0.0004387572 0.0000000000
0.0004357919 0.0000000000
0.0004338399 0.0000000000
0.0004620776 0.0000000000
0.0004602447 0.0000000000
0.0004611090 0.0000000000
0.0004590303 0.0000000000
0.0004568323 0.0000000000
0.0004545376 0.0000000000
0.0004527718 0.0000000000
0.0004202351 0.0000000000
0.0004192591 0.0000000000
0.0004177094 0.0000000000
0.0004156306 0.0000000000
0.0004143789 0.0000000000
0.0004117563 0.0000000000
0.0004106015 0.0000000000
0.0004086569 0.0000000000
0.0004067570 0.0000000000
0.0004091188 0.0000000000
0.0004077926 0.0000000000
0.0004046112 0.0000000000
0.0004028827 0.0000000000
0.0003997311 0.0000000000
0.0003984421 0.0000000000
0.0003965497 0.0000000000
0.0003939494 0.0000000000
0.0003925487 0.0000000000
0.0003912002 0.0000000000
0.0003891811 0.0000000000
0.0003881976 0.0000000000
0.0003859177 0.0000000000
0.0003842264 0.0000000000
0.0003822222 0.0000000000
0.0003802180 0.0000000000
0.0003779754 0.0000000000
0.0003756285 0.0000000000
0.0003740862 0.0000000000
0.0003741309 0.0000000000
0.0003725514 0.0000000000
0.0003711060 0.0000000000
0.0003694519 0.0000000000
0.0003680736 0.0000000000
0.0003667995 0.0000000000
0.0003651008 0.0000000000
0.0003635287 0.0000000000
