-0.6998971701 2.0339581966
-0.6377864480 1.6953845024
-0.5697371960 1.4135674238
-0.4973973930 1.1795251369
-0.4272362292 0.9806025028
-0.3609635830 0.8102376461
-0.2923240662 0.6693419218
-0.2209608108 0.5523638725
-0.1423138380 0.4585461020
-0.0837608948 0.3767512441
-0.0382646471 0.3065439165
-0.0140648782 0.2480091006
-0.0116914064 0.2004848123
-0.0056780130 0.1623582244
0.0088004544 0.1317299157
0.0147109255 0.1073510721
-0.0009317249 0.0882499665
0.0100953579 0.0730086118
0.0329403952 0.0605138764
0.0376497805 0.0504307710
0.0322888494 0.0421629548
0.0116544813 0.0356322341
-0.0056390315 0.0303499438
-0.0032470450 0.0258340333
0.0086343437 0.0220423359
0.0111339316 0.0190452170
-0.0034851432 0.0168204829
-0.0149744377 0.0149975242
-0.0273728594 0.0134751033
-0.0086629018 0.0121184420
0.0037189052 0.0109684579
0.0019056201 0.0099182194
0.0101418793 0.0088885957
0.0081903413 0.0079264147
-0.0040246397 0.0071725962
-0.0074685514 0.0064834557
-0.0080213025 0.0058495426
-0.0006780624 0.0052663609
-0.0065778866 0.0047961604
0.0047751665 0.0044421265
0.0096984208 0.0041396022
0.0151968524 0.0038517527
0.0033717006 0.0036379169
-0.0051482841 0.0034562354
-0.0051376745 0.0032426349
0.0088160932 0.0030489694
0.0063700750 0.0028342165
0.0064725503 0.0025621771
0.0079869106 0.0023539308
0.0114763230 0.0021983052
0.0014721528 0.0020912399
0.0001129434 0.0020059559
0.0023675859 0.0019202578
0.0008297935 0.0018276537
0.0024258792 0.0017781998
0.0040335432 0.0017117310
0.0027926192 0.0016419025
0.0112311989 0.0015798127
0.0097178593 0.0015186465
0.0030065179 0.0014686709
-0.0042676106 0.0014292081
0.0059648752 0.0013927607
0.0047051907 0.0013640727
0.0032412782 0.0013341804
-0.0002660751 0.0013015153
-0.0002571046 0.0012335638
0.0011265874 0.0011645210
0.0019846559 0.0011035615
-0.0029029101 0.0010591693
-0.0024246722 0.0010115401
-0.0019527897 0.0009707136
-0.0042380020 0.0009365759
-0.0040049702 0.0009023995
0.0005189329 0.0008843229
-0.0022118092 0.0008658835
-0.0030617937 0.0008402209
0.0011477694 0.0008058677
-0.0012622103 0.0007940672
-0.0063186511 0.0007822083
-0.0045677871 0.0007671189
-0.0017462820 0.0007501913
0.0007902458 0.0007256757
0.0000438690 0.0007004165
-0.0033242032 0.0006790171
-0.0007510334 0.0006559686
0.0021489635 0.0006336893
0.0001671985 0.0006265239
-0.0015881732 0.0006151383
0.0007866770 0.0006011231
-0.0020985007 0.0005891751
-0.0035486296 0.0005790763
0.0010114983 0.0005689276
-0.0008697063 0.0005643239
-0.0027425587 0.0005584976
-0.0022436902 0.0005494283
0.0003086179 0.0005365357
0.0018859431 0.0005312370
0.0033354163 0.0005255013
0.0023560449 0.0005066346
0.0012457743 0.0004894295
0.0015136227 0.0004649500
0.0002984628 0.0004408894
-0.0040812045 0.0004263144
-0.0057911500 0.0004148473
-0.0023872480 0.0004047127
-0.0032320246 0.0003891732
-0.0004321039 0.0003715319
0.0016151145 0.0003655023
0.0039085373 0.0003605320
0.0045355782 0.0003547107
0.0022341385 0.0003501071
0.0019316971 0.0003424223
-0.0003564730 0.0003353932
-0.0008805022 0.0003291964
0.0000351295 0.0003226269
0.0007166788 0.0003124292
-0.0033114031 0.0003085202
-0.0022990033 0.0003033816
-0.0035874769 0.0002982579
-0.0018403530 0.0002941386
-0.0044216141 0.0002896920
-0.0050692707 0.0002858745
-0.0001821145 0.0002821553
0.0020909235 0.0002773002
-0.0010352582 0.0002730050
-0.0027874559 0.0002674985
-0.0008454695 0.0002591177
0.0009393841 0.0002550333
0.0010183677 0.0002472115
0.0029851571 0.0002407208
0.0030606911 0.0002364688
0.0037343428 0.0002346266
0.0022872761 0.0002312804
0.0028475076 0.0002227669
0.0013702288 0.0002155993
0.0031283423 0.0002077487
-0.0001481920 0.0002003097
-0.0020637065 0.0001937209
-0.0024708658 0.0001908441
0.0010737404 0.0001869099
-0.0008365661 0.0001826160
-0.0016045868 0.0001792487
-0.0008694902 0.0001753748
0.0020214245 0.0001718399
0.0021007434 0.0001706497
0.0010144711 0.0001694826
0.0023199692 0.0001681897
0.0028681904 0.0001639649
0.0024329126 0.0001597553
0.0023815110 0.0001583297
0.0005680025 0.0001574899
-0.0029933006 0.0001562370
-0.0010696054 0.0001546855
0.0003749952 0.0001521720
-0.0016029999 0.0001501862
-0.0009904802 0.0001476820
0.0023073778 0.0001453256
0.0021232814 0.0001435713
-0.0009669885 0.0001422929
-0.0015710816 0.0001407443
0.0012718216 0.0001390943
0.0013784170 0.0001370663
0.0035914406 0.0001359332
0.0039645806 0.0001345389
0.0022961348 0.0001332715
-0.0017769486 0.0001322635
-0.0020305365 0.0001312428
0.0008457229 0.0001302877
0.0026952848 0.0001281401
0.0004135668 0.0001271160
0.0019938201 0.0001261109
0.0024516210 0.0001250499
0.0010625497 0.0001234255
0.0032939464 0.0001222167
-0.0008235052 0.0001208934
-0.0009133890 0.0001185997
-0.0018420145 0.0001178333
-0.0008345246 0.0001172414
0.0009217858 0.0001162892
0.0013492107 0.0001157286
-0.0004889295 0.0001151183
0.0014541522 0.0001134253
0.0037422329 0.0001105651
0.0024882481 0.0001081553
0.0003252923 0.0001070054
-0.0007154718 0.0001059249
-0.0024202019 0.0001050192
-0.0034076571 0.0001044397
-0.0038355738 0.0001040234
-0.0038416237 0.0001036749
-0.0036123618 0.0001031875
0.0012910366 0.0001022173
-0.0005903021 0.0001008197
0.0047122538 0.0000985577
0.0047584698 0.0000978606
0.0028785691 0.0000972273
0.0034165308 0.0000967262
0.0032702982 0.0000961425
0.0021960214 0.0000952749
-0.0002430603 0.0000942453
-0.0019974783 0.0000933709
-0.0030300692 0.0000930009
-0.0035411865 0.0000927169
-0.0014847815 0.0000916720
0.0005128980 0.0000909449
-0.0002616569 0.0000905067
0.0013051182 0.0000901476
0.0022259578 0.0000897677
-0.0002456233 0.0000886743
-0.0006003827 0.0000870289
0.0021130890 0.0000857123
0.0013403371 0.0000847987
-0.0015165880 0.0000833392
-0.0008168593 0.0000822747
-0.0028985664 0.0000815893
-0.0037085414 0.0000812869
-0.0017008558 0.0000808982
-0.0019264370 0.0000805484
0.0000786930 0.0000797440
0.0041181073 0.0000783701
0.0028399378 0.0000774181
0.0021019131 0.0000767432
0.0010482967 0.0000767231
-0.0021735206 0.0000764850
0.0022618845 0.0000760706
0.0020300969 0.0000755914
0.0004627183 0.0000747909
0.0008162484 0.0000738830
0.0003779829 0.0000729414
-0.0001374781 0.0000719473
0.0013731048 0.0000710965
0.0002666563 0.0000707519
-0.0001978353 0.0000695898
0.0000447854 0.0000679203
-0.0013667345 0.0000672463
-0.0021313950 0.0000668702
-0.0008831620 0.0000664913
0.0002587661 0.0000658287
0.0005804002 0.0000653318
0.0004591867 0.0000645765
0.0005701482 0.0000639284
0.0003249422 0.0000634377
-0.0005422384 0.0000626370
-0.0030007884 0.0000619149
-0.0019185990 0.0000613659
-0.0026478618 0.0000609945
-0.0022320002 0.0000605749
0.0001582578 0.0000600155
0.0004948676 0.0000596545
0.0021153390 0.0000592782
0.0028874949 0.0000590037
0.0030148551 0.0000588297
0.0020668060 0.0000582521
-0.0001657605 0.0000580767
-0.0002351701 0.0000578592
-0.0007034317 0.0000577087
-0.0013857707 0.0000575764
-0.0002858415 0.0000573799
0.0004651994 0.0000570722
0.0010391474 0.0000565764
0.0011100695 0.0000559710
0.0008936226 0.0000557483
0.0009285659 0.0000555322
0.0015328228 0.0000553338
0.0016245395 0.0000549710
-0.0001428425 0.0000546316
-0.0015192479 0.0000543763
-0.0008516014 0.0000541446
-0.0016057864 0.0000539848
0.0008935779 0.0000537385
0.0007740334 0.0000534536
-0.0009268448 0.0000532838
-0.0005994737 0.0000530695
-0.0033992305 0.0000529046
-0.0027102679 0.0000527650
-0.0003798455 0.0000525373
0.0003275797 0.0000521990
-0.0000013560 0.0000512686
-0.0008695349 0.0000506596
-0.0005850270 0.0000503743
-0.0016982928 0.0000501712
-0.0030395463 0.0000498741
-0.0010163113 0.0000495470
0.0001370832 0.0000493782
-0.0002770424 0.0000491628
-0.0009654015 0.0000488754
0.0016728491 0.0000486155
0.0019249022 0.0000484811
0.0017914772 0.0000483891
0.0002875030 0.0000482484
-0.0013271645 0.0000480536
-0.0023131669 0.0000478685
-0.0017952397 0.0000478456
-0.0003450215 0.0000476128
-0.0006791130 0.0000474162
0.0004131123 0.0000471473
-0.0041568652 0.0000466072
-0.0024061576 0.0000464392
-0.0010619462 0.0000462706
-0.0006379038 0.0000459475
0.0000373498 0.0000456158
-0.0000824854 0.0000453795
-0.0006845295 0.0000452891
-0.0007681027 0.0000451347
0.0000923425 0.0000449132
0.0002326667 0.0000447344
-0.0001809448 0.0000445903
0.0016724393 0.0000445540
-0.0010289252 0.0000444734
0.0002119094 0.0000443231
-0.0011183843 0.0000442012
-0.0005522147 0.0000440796
-0.0000526980 0.0000438575
-0.0015837252 0.0000436619
0.0006414503 0.0000434954
-0.0001260638 0.0000428764
0.0000073388 0.0000422423
0.0012514815 0.0000416686
0.0007038191 0.0000414316
0.0031721219 0.0000411505
0.0016631931 0.0000410277
0.0005575046 0.0000409353
0.0003365651 0.0000405968
-0.0009417981 0.0000405335
0.0009942427 0.0000404386
0.0003620610 0.0000401868
-0.0004411116 0.0000397463
-0.0007842556 0.0000393120
-0.0004566535 0.0000389884
-0.0001380071 0.0000388721
0.0003130361 0.0000387306
-0.0006487742 0.0000386427
-0.0002486259 0.0000384972
0.0009336993 0.0000384184
-0.0011171401 0.0000383585
0.0004595667 0.0000382246
-0.0011983812 0.0000379707
-0.0009011775 0.0000377625
-0.0009822398 0.0000376662
-0.0008267090 0.0000375565
-0.0007753894 0.0000374459
-0.0012215972 0.0000373098
0.0002589896 0.0000371932
0.0011107922 0.0000370446
0.0011297390 0.0000369374
0.0004140511 0.0000367412
0.0016672388 0.0000365668
0.0002364740 0.0000364256
0.0010038391 0.0000363349
0.0014063269 0.0000362820
0.0002921224 0.0000362465
0.0004587770 0.0000361691
-0.0008058846 0.0000360471
-0.0011179969 0.0000359172
-0.0006923601 0.0000356362
-0.0017988458 0.0000355006
-0.0004379824 0.0000353543
0.0003958270 0.0000352801
-0.0000930578 0.0000351840
0.0000659302 0.0000350783
0.0001570731 0.0000350032
0.0006948039 0.0000348821
0.0003934652 0.0000347811
0.0005766377 0.0000346463
0.0015839338 0.0000345157
0.0004080907 0.0000344598
-0.0000950620 0.0000343679
-0.0007525012 0.0000342478
-0.0005859509 0.0000341450
0.0004408211 0.0000341236
-0.0000205487 0.0000340658
-0.0000617355 0.0000339580
-0.0014899448 0.0000338958
-0.0008278266 0.0000337685
-0.0002846122 0.0000335496
0.0001392439 0.0000333727
-0.0007091016 0.0000332296
0.0000150651 0.0000330324
-0.0006845146 0.0000328639
-0.0000727624 0.0000327855
-0.0008126274 0.0000327181
-0.0022814348 0.0000326590
-0.0024553016 0.0000326203
-0.0010589138 0.0000325819
-0.0006007552 0.0000325404
-0.0016074181 0.0000324869
-0.0021421090 0.0000324529
-0.0015227571 0.0000324078
-0.0015257597 0.0000323641
-0.0015244484 0.0000323336
-0.0028920174 0.0000323080
-0.0028240010 0.0000322845
-0.0016007721 0.0000322255
-0.0025371164 0.0000321781
-0.0019599125 0.0000321466
-0.0028626621 0.0000321173
-0.0019707307 0.0000320797
-0.0011106357 0.0000320461
-0.0000792369 0.0000319660
0.0010989606 0.0000318766
0.0006143749 0.0000318012
0.0006213114 0.0000316135
-0.0003330112 0.0000313694
-0.0019959882 0.0000312057
-0.0016059726 0.0000310867
-0.0011412650 0.0000309984
-0.0004129931 0.0000309468
-0.0000107884 0.0000308908
-0.0006128401 0.0000308399
-0.0011629686 0.0000307833
-0.0001047030 0.0000307269
-0.0009445027 0.0000306796
-0.0006168634 0.0000306381
-0.0033681840 0.0000306034
-0.0017736927 0.0000305619
-0.0006926805 0.0000305181
-0.0010038987 0.0000303855
-0.0000425056 0.0000302979
-0.0007324815 0.0000302163
0.0001808926 0.0000301325
-0.0008404329 0.0000300464
-0.0019972548 0.0000299816
-0.0009004101 0.0000299147
-0.0003151745 0.0000298557
-0.0010239482 0.0000298048
-0.0003233999 0.0000295618
0.0006647781 0.0000292985
-0.0002497956 0.0000291010
-0.0010469332 0.0000290416
-0.0007506385 0.0000289406
-0.0000721589 0.0000288548
-0.0004935861 0.0000287724
-0.0004418418 0.0000286624
-0.0002410486 0.0000285755
0.0010969341 0.0000285248
0.0007851124 0.0000284919
0.0002794489 0.0000284429
0.0013243556 0.0000283869
0.0010907799 0.0000283270
0.0024994612 0.0000282638
0.0025250465 0.0000282000
0.0020870790 0.0000280799
0.0012042597 0.0000280441
0.0007288307 0.0000279977
0.0013767183 0.0000279502
0.0017552301 0.0000279263
0.0010214671 0.0000279050
0.0020831153 0.0000278746
0.0015377626 0.0000278555
0.0024687648 0.0000278259
0.0015987530 0.0000278082
0.0007873178 0.0000277772
0.0012499094 0.0000277283
0.0013653934 0.0000276814
0.0012535453 0.0000276416
0.0018791184 0.0000276117
0.0012747571 0.0000275844
0.0024442524 0.0000275493
0.0020780116 0.0000275289
0.0025043190 0.0000275058
0.0012832209 0.0000274852
0.0022155643 0.0000274453
0.0001639798 0.0000274142
-0.0005948320 0.0000273718
-0.0001536310 0.0000273213
-0.0007221624 0.0000272807
0.0001586005 0.0000272290
0.0004905686 0.0000271815
0.0003114790 0.0000271298
-0.0004380494 0.0000270910
-0.0002360567 0.0000270548
-0.0009637922 0.0000269927
-0.0010022447 0.0000267338
0.0009057000 0.0000265984
0.0008775145 0.0000265260
-0.0001194552 0.0000264694
0.0007364079 0.0000263358
0.0007010251 0.0000262806
0.0017196089 0.0000262346
0.0005422160 0.0000262028
0.0014649704 0.0000261411
0.0023465827 0.0000261011
0.0023024976 0.0000260745
0.0011878684 0.0000260490
0.0020159632 0.0000260161
0.0026218891 0.0000259932
0.0011792704 0.0000259793
0.0019304529 0.0000259492
0.0024589300 0.0000259311
0.0021219403 0.0000259192
0.0008073896 0.0000259049
0.0014928132 0.0000258809
0.0019893050 0.0000258655
0.0016298667 0.0000258552
0.0002994090 0.0000258435
0.0009732097 0.0000258210
0.0018352345 0.0000257840
0.0017611310 0.0000257642
0.0022029579 0.0000257468
0.0008819476 0.0000257210
0.0017417595 0.0000256808
0.0022734404 0.0000256564
0.0019240454 0.0000256411
0.0030137897 0.0000256140
0.0008858815 0.0000255804
0.0023788735 0.0000255093
0.0019077659 0.0000254710
0.0022105724 0.0000254467
0.0027830377 0.0000254233
0.0016829669 0.0000254081
0.0017699003 0.0000253872
0.0022673383 0.0000253681
0.0017308667 0.0000253584
0.0020104647 0.0000253453
0.0012063161 0.0000253245
0.0011518300 0.0000253051
0.0013496205 0.0000252798
0.0024200603 0.0000252522
0.0015443116 0.0000252330
0.0023875162 0.0000252050
0.0002700314 0.0000251906
0.0006849319 0.0000251671
0.0006025285 0.0000251526
-0.0002865791 0.0000250926
-0.0008536130 0.0000249879
-0.0014810190 0.0000248577
-0.0013294145 0.0000247460
-0.0005229488 0.0000247314
0.0001205206 0.0000246794
-0.0007705092 0.0000246052
-0.0004484951 0.0000245092
-0.0009490103 0.0000244433
-0.0012900680 0.0000243949
-0.0021250919 0.0000243608
-0.0013404414 0.0000243336
-0.0006444603 0.0000243034
-0.0007739589 0.0000242708
-0.0004128739 0.0000242440
-0.0017975271 0.0000242074
-0.0015423968 0.0000241802
-0.0020081475 0.0000241544
-0.0007643327 0.0000241254
-0.0003780574 0.0000240719
0.0006336570 0.0000240199
0.0002096593 0.0000239711
-0.0004777685 0.0000239412
0.0000422299 0.0000239100
0.0003095716 0.0000238548
0.0013357550 0.0000237950
0.0010349900 0.0000237696
0.0014721677 0.0000237335
0.0013953149 0.0000237005
0.0013320222 0.0000236828
0.0005417690 0.0000236332
0.0008510947 0.0000235774
-0.0000857338 0.0000235268
0.0006636232 0.0000234199
0.0000324249 0.0000233404
0.0004403442 0.0000232796
0.0007188469 0.0000232575
0.0000224039 0.0000232353
0.0003701001 0.0000231931
0.0005463436 0.0000231205
-0.0002775341 0.0000230750
0.0014085621 0.0000230138
0.0004294291 0.0000229473
0.0018073469 0.0000228744
0.0017930344 0.0000228461
0.0023972988 0.0000228155
0.0014453456 0.0000227996
0.0019968525 0.0000227813
0.0016763434 0.0000227696
0.0019619241 0.0000227542
0.0019278377 0.0000227431
0.0017686337 0.0000227334
0.0024061278 0.0000227177
0.0015724599 0.0000227060
0.0016812906 0.0000226912
0.0013587028 0.0000226833
0.0015844703 0.0000226713
0.0025420561 0.0000226525
0.0035180897 0.0000226329
0.0027811527 0.0000226211
0.0029441863 0.0000226069
0.0030282140 0.0000225932
0.0022836551 0.0000225884
0.0024527907 0.0000225774
0.0029215813 0.0000225639
0.0034912750 0.0000225504
0.0025156364 0.0000225407
0.0025391281 0.0000225252
0.0025456026 0.0000225052
0.0020245239 0.0000224864
0.0020105764 0.0000224674
0.0022954345 0.0000224499
0.0026689842 0.0000224341
0.0011109114 0.0000224055
0.0016184151 0.0000223544
0.0013522059 0.0000223341
0.0019109696 0.0000223089
0.0016394258 0.0000222965
0.0021945760 0.0000222762
0.0019221529 0.0000222651
0.0016539693 0.0000222517
0.0013855398 0.0000222388
0.0018649027 0.0000222246
0.0019376278 0.0000222145
0.0018685162 0.0000222044
0.0021769330 0.0000221885
0.0015530363 0.0000221801
0.0018230751 0.0000221606
0.0014802739 0.0000221481
0.0019767880 0.0000221294
0.0016957596 0.0000221142
0.0022514611 0.0000220856
0.0019803420 0.0000220723
0.0025360584 0.0000220516
0.0016926751 0.0000220167
0.0018157959 0.0000219774
0.0014896467 0.0000219627
0.0012844503 0.0000219483
0.0015480667 0.0000219334
0.0014633760 0.0000219211
0.0012567267 0.0000219104
0.0029893517 0.0000218847
0.0020148233 0.0000218723
0.0031922311 0.0000218431
0.0027054399 0.0000218219
0.0030171946 0.0000217984
0.0011628717 0.0000217742
0.0008729622 0.0000217462
0.0011720210 0.0000217312
0.0017813891 0.0000217080
0.0017985925 0.0000216873
0.0021030307 0.0000216655
0.0017367601 0.0000216515
0.0014342517 0.0000216366
0.0011546016 0.0000216209
0.0017122179 0.0000215814
0.0021942407 0.0000215558
0.0029509962 0.0000215265
0.0024413019 0.0000215111
0.0020867810 0.0000214979
0.0017863214 0.0000214849
0.0022507757 0.0000214648
0.0029865876 0.0000214325
0.0024706572 0.0000214179
0.0021136403 0.0000214057
0.0025624633 0.0000213893
0.0003133267 0.0000213938
0.0007794350 0.0000213715
0.0018106401 0.0000213489
0.0023081005 0.0000213301
0.0020554736 0.0000213174
0.0016941950 0.0000212975
0.0017797500 0.0000212714
0.0018092319 0.0000212472
0.0014490783 0.0000212338
0.0021274462 0.0000211955
0.0010485947 0.0000211708
0.0010842830 0.0000211425
0.0020773634 0.0000211139
0.0019387826 0.0000210955
0.0029589087 0.0000210651
0.0029823631 0.0000210457
0.0024946257 0.0000210321
0.0020988062 0.0000210201
0.0018818080 0.0000210100
0.0028723478 0.0000209928
0.0034838989 0.0000209772
0.0024849847 0.0000209718
0.0023780316 0.0000209615
0.0034622848 0.0000209425
0.0028831884 0.0000209343
0.0026128069 0.0000209242
0.0014693663 0.0000209152
0.0016658753 0.0000208973
0.0025927499 0.0000208773
0.0024412125 0.0000208656
0.0034907460 0.0000208460
0.0026363060 0.0000208395
0.0020449758 0.0000208279
0.0018967018 0.0000208144
0.0018304884 0.0000207972
0.0020421073 0.0000207835
0.0015650019 0.0000207741
0.0008507594 0.0000207616
0.0014431998 0.0000207400
0.0012584403 0.0000207286
0.0022818521 0.0000207063
0.0022063702 0.0000206932
0.0016295910 0.0000206832
0.0016627684 0.0000206678
0.0019093826 0.0000206510
0.0022301450 0.0000206345
0.0017913878 0.0000206226
0.0010876954 0.0000206104
0.0016893074 0.0000205850
0.0015076250 0.0000205698
0.0016792789 0.0000205522
0.0029917955 0.0000205274
0.0022037253 0.0000205156
0.0021641850 0.0000204997
0.0023847520 0.0000204828
0.0026965067 0.0000204659
0.0022554919 0.0000204521
0.0030706525 0.0000204301
0.0029423237 0.0000204175
0.0018467456 0.0000204075
0.0020831227 0.0000203879
0.0021336377 0.0000203746
0.0016002879 0.0000203647
0.0023392215 0.0000203468
0.0021911561 0.0000203301
0.0018752441 0.0000203089
0.0019999444 0.0000202791
0.0016967505 0.0000202634
0.0018254817 0.0000202468
0.0013324246 0.0000202229
0.0021056980 0.0000201908
0.0019668564 0.0000201719
0.0030269548 0.0000201466
0.0029600337 0.0000201268
0.0018869936 0.0000201120
0.0021478459 0.0000200750
0.0015949607 0.0000200400
0.0014577955 0.0000199855
0.0017303154 0.0000199271
0.0014662519 0.0000199012
0.0011146441 0.0000198798
0.0012142435 0.0000198496
0.0012513027 0.0000198244
0.0019121021 0.0000198006
0.0030595660 0.0000197751
0.0021735653 0.0000197649
0.0019394457 0.0000197300
0.0011983588 0.0000196973
0.0011753961 0.0000196781
0.0023305416 0.0000196499
0.0030457973 0.0000196271
0.0022871718 0.0000196119
0.0019313395 0.0000195976
0.0024776086 0.0000195807
0.0026889518 0.0000195660
0.0018095896 0.0000195209
0.0018515214 0.0000194600
0.0027299598 0.0000193921
0.0018512383 0.0000193687
0.0015391186 0.0000193318
0.0020900667 0.0000192843
0.0031717718 0.0000192460
0.0030565560 0.0000192291
0.0032520145 0.0000192151
0.0027694851 0.0000192050
0.0023665205 0.0000191848
0.0014027953 0.0000191447
0.0014155358 0.0000191010
0.0010886416 0.0000190819
0.0012598708 0.0000190467
0.0000461489 0.0000190179
-0.0001639798 0.0000189671
0.0003607422 0.0000189334
0.0007933229 0.0000188980
0.0002304316 0.0000188738
0.0006074905 0.0000188464
0.0018481538 0.0000188180
0.0020110905 0.0000187978
0.0019441471 0.0000187859
0.0022945702 0.0000187730
0.0019632652 0.0000187632
0.0016555861 0.0000187487
0.0014939979 0.0000187344
0.0025255159 0.0000187093
0.0021024719 0.0000186869
0.0019531399 0.0000186645
0.0019077510 0.0000186520
0.0021359921 0.0000186404
0.0034934431 0.0000186225
0.0027215928 0.0000186155
0.0032664388 0.0000186008
0.0030726790 0.0000185930
0.0024569929 0.0000185856
0.0019769296 0.0000185743
0.0017043054 0.0000185650
0.0010600239 0.0000185566
0.0017110333 0.0000185358
0.0015424117 0.0000185236
0.0017187744 0.0000185098
0.0020156726 0.0000184952
0.0034303293 0.0000184748
0.0026682466 0.0000184673
0.0018522367 0.0000184582
0.0023623779 0.0000184396
0.0021574795 0.0000184292
0.0031650439 0.0000184063
0.0027159899 0.0000183896
0.0017944500 0.0000183739
0.0018912852 0.0000183523
0.0018884316 0.0000183372
0.0013371781 0.0000183262
0.0014450997 0.0000183010
0.0017597824 0.0000182685
0.0019909218 0.0000182368
0.0010852590 0.0000181910
0.0011220276 0.0000181429
0.0009518117 0.0000181231
0.0012077615 0.0000181069
0.0025721788 0.0000180833
0.0018507466 0.0000180699
0.0018669590 0.0000180534
0.0013419986 0.0000180407
0.0009087473 0.0000180264
0.0016829148 0.0000180032
0.0018788949 0.0000179884
0.0020631179 0.0000179474
0.0018904880 0.0000179127
0.0021696836 0.0000178635
0.0019086003 0.0000178446
0.0028694868 0.0000178207
0.0019972399 0.0000178092
0.0019350499 0.0000177932
0.0021493882 0.0000177798
0.0024598539 0.0000177667
0.0027952716 0.0000177460
0.0023568273 0.0000177306
0.0024394169 0.0000177182
0.0019182116 0.0000177091
0.0026691630 0.0000176848
0.0017399490 0.0000176697
0.0021599829 0.0000176409
0.0024058521 0.0000176135
0.0020964295 0.0000175989
0.0030195639 0.0000175774
0.0021344498 0.0000175663
0.0020613298 0.0000175543
0.0022709817 0.0000175412
0.0017936677 0.0000175305
0.0025782287 0.0000175142
0.0021782890 0.0000174684
0.0021328032 0.0000174184
0.0028620958 0.0000173813
0.0026644766 0.0000173680
0.0020488054 0.0000173566
0.0020682737 0.0000173417
0.0023090020 0.0000173267
0.0013428554 0.0000173180
0.0016849786 0.0000173016
0.0012397021 0.0000172890
0.0010118783 0.0000172739
0.0020000115 0.0000172516
0.0011309832 0.0000172403
0.0016003400 0.0000172175
0.0013853088 0.0000172021
0.0015402138 0.0000171828
0.0018255338 0.0000171626
0.0021603853 0.0000171455
0.0017265901 0.0000171341
0.0025469810 0.0000171163
0.0018977299 0.0000171035
0.0015987977 0.0000170882
0.0017305464 0.0000170746
0.0020119846 0.0000170612
0.0023453608 0.0000170476
0.0019131154 0.0000170342
0.0019985586 0.0000170203
0.0017597601 0.0000170020
0.0019436702 0.0000169800
0.0020348430 0.0000169584
0.0019778833 0.0000169395
0.0018871203 0.0000169060
0.0025354177 0.0000168589
0.0018769503 0.0000168404
0.0018889233 0.0000168196
0.0021284670 0.0000168031
0.0016617849 0.0000167899
0.0017342940 0.0000167730
0.0012087226 0.0000167597
0.0012613535 0.0000167454
0.0024773255 0.0000167241
0.0024511442 0.0000167105
0.0026773885 0.0000166971
0.0022132099 0.0000166813
0.0017889589 0.0000166650
0.0010368600 0.0000166523
0.0015523881 0.0000166326
0.0015309155 0.0000166098
0.0025351122 0.0000165821
0.0017604008 0.0000165643
0.0014327317 0.0000165439
0.0014660358 0.0000164964
0.0016933978 0.0000164292
0.0024923831 0.0000163814
0.0019412190 0.0000163648
0.0020238012 0.0000163504
0.0015303046 0.0000163397
0.0022963360 0.0000163234
0.0021643192 0.0000163040
0.0023591444 0.0000162849
0.0018830746 0.0000162707
0.0026680753 0.0000162504
0.0025372282 0.0000162395
0.0027295426 0.0000162280
0.0022476241 0.0000162202
0.0023165196 0.0000162107
0.0020624772 0.0000161903
0.0022352263 0.0000161655
0.0023188442 0.0000161455
0.0030075088 0.0000161261
0.0023560971 0.0000161158
0.0029989108 0.0000160978
0.0028278902 0.0000160868
0.0022174269 0.0000160789
0.0028947443 0.0000160633
0.0027325377 0.0000160537
0.0029113889 0.0000160430
0.0019236058 0.0000160351
0.0022481829 0.0000160193
0.0017997026 0.0000160100
0.0023566931 0.0000159910
0.0029128939 0.0000159694
0.0027530640 0.0000159518
0.0023362264 0.0000159331
0.0020992085 0.0000159181
0.0019106492 0.0000159058
0.0029303730 0.0000158875
0.0020687431 0.0000158784
0.0020036176 0.0000158665
0.0022160858 0.0000158532
0.0025163963 0.0000158331
0.0020646080 0.0000158155
0.0028700009 0.0000157933
0.0019538552 0.0000157838
0.0023818463 0.0000157666
0.0026291460 0.0000157501
0.0023187175 0.0000157352
0.0016593114 0.0000157207
0.0023040995 0.0000156902
0.0021365434 0.0000156730
0.0023143440 0.0000156570
0.0036302134 0.0000156353
0.0028450042 0.0000156268
0.0023066103 0.0000156184
0.0020132288 0.0000156109
0.0021458939 0.0000156031
0.0024268851 0.0000155947
0.0019740835 0.0000155871
0.0027774796 0.0000155719
0.0026462525 0.0000155651
0.0028352514 0.0000155575
0.0023505539 0.0000155525
0.0024146810 0.0000155427
0.0018855631 0.0000155341
0.0019362569 0.0000155262
0.0021883696 0.0000155183
0.0025037155 0.0000155032
0.0028450340 0.0000154817
0.0024135634 0.0000154693
0.0024981648 0.0000154576
0.0019771755 0.0000154494
0.0027259290 0.0000154361
0.0031798854 0.0000154245
0.0029180273 0.0000154173
0.0022760704 0.0000154109
0.0017859861 0.0000154009
0.0015088767 0.0000153929
0.0016471371 0.0000153846
0.0019299909 0.0000153756
0.0014788732 0.0000153680
0.0015565678 0.0000153587
0.0010443628 0.0000153428
0.0018054023 0.0000153166
0.0016637817 0.0000153048
0.0014024675 0.0000152803
0.0016900152 0.0000152207
0.0014453009 0.0000151934
0.0024189353 0.0000151622
0.0018033832 0.0000151466
0.0025125965 0.0000151040
0.0016674176 0.0000150864
0.0021086857 0.0000150627
0.0014294013 0.0000150520
0.0014334247 0.0000150375
0.0008849725 0.0000150276
0.0016156510 0.0000150022
0.0014679655 0.0000149865
0.0025199503 0.0000149682
0.0031688064 0.0000149533
0.0029524341 0.0000149426
0.0023260713 0.0000149347
0.0023425594 0.0000149265
0.0035286769 0.0000149133
0.0022095516 0.0000149068
0.0019462407 0.0000148983
0.0021082535 0.0000148863
0.0029353425 0.0000148720
0.0023158193 0.0000148662
0.0023342818 0.0000148586
0.0017904937 0.0000148517
0.0025205687 0.0000148392
0.0023709238 0.0000148306
0.0017684475 0.0000148232
0.0017427355 0.0000148009
0.0028130412 0.0000147541
0.0019641370 0.0000147398
0.0024465844 0.0000147201
0.0027289391 0.0000147043
0.0027840659 0.0000146919
0.0027054250 0.0000146812
0.0023198947 0.0000146737
0.0016358420 0.0000146661
0.0016320273 0.0000146574
0.0028017014 0.0000146439
0.0022428334 0.0000146358
0.0019783676 0.0000146278
0.0016264021 0.0000146068
0.0017373562 0.0000145758
0.0017814860 0.0000145508
0.0016959980 0.0000145324
0.0015343502 0.0000145158
0.0013280734 0.0000145011
0.0018447191 0.0000144836
0.0019392744 0.0000144710
0.0022069141 0.0000144590
0.0017507896 0.0000144480
0.0025527254 0.0000144307
0.0019720122 0.0000144175
0.0021163449 0.0000144027
0.0018191189 0.0000143932
0.0011650845 0.0000143847
0.0011725798 0.0000143699
0.0009100959 0.0000143540
0.0018229708 0.0000143316
0.0012607500 0.0000143182
0.0013005063 0.0000143031
0.0025078431 0.0000142786
0.0024806336 0.0000142624
0.0019212514 0.0000142504
0.0014624745 0.0000142380
0.0022161454 0.0000142207
0.0016130358 0.0000142125
0.0016376078 0.0000142042
0.0028293505 0.0000141915
0.0022813305 0.0000141803
0.0015203878 0.0000141718
0.0020281971 0.0000141576
0.0021475926 0.0000141490
0.0024238527 0.0000141404
0.0027549565 0.0000141314
0.0023190305 0.0000141232
0.0019023493 0.0000141131
0.0026897490 0.0000140972
0.0020940751 0.0000140867
0.0018562898 0.0000140435
0.0028306320 0.0000139971
0.0019578412 0.0000139847
0.0024204478 0.0000139672
0.0022035614 0.0000139585
0.0023627579 0.0000139485
0.0018676817 0.0000139416
0.0019302666 0.0000139333
0.0021870285 0.0000139237
0.0017257407 0.0000139169
0.0025228783 0.0000139054
0.0023901314 0.0000138988
0.0025790408 0.0000138909
0.0020944551 0.0000138842
0.0021607801 0.0000138755
0.0016333014 0.0000138688
0.0016845092 0.0000138607
0.0019371286 0.0000138516
0.0033154860 0.0000138376
0.0025446862 0.0000138313
0.0017268360 0.0000138232
0.0008940101 0.0000138126
0.0013905689 0.0000137899
0.0016835034 0.0000137688
0.0017456040 0.0000137512
0.0013929382 0.0000137402
0.0015052110 0.0000137297
0.0017791986 0.0000137192
0.0013243482 0.0000137109
0.0021266341 0.0000136963
0.0019952208 0.0000136847
0.0016859472 0.0000136725
0.0018126667 0.0000136540
0.0015103966 0.0000136438
0.0024698004 0.0000136132
0.0030950755 0.0000135761
0.0028732717 0.0000135618
0.0022610649 0.0000135441
0.0014989674 0.0000135315
0.0014679581 0.0000135196
0.0016923100 0.0000135065
0.0020055175 0.0000134947
0.0023500398 0.0000134814
0.0019198805 0.0000134706
0.0027429312 0.0000134540
0.0026171654 0.0000134433
0.0020228326 0.0000134344
0.0020506009 0.0000134242
0.0022954047 0.0000134137
0.0021155700 0.0000133991
0.0019475073 0.0000133867
0.0021242499 0.0000133756
0.0016356185 0.0000133663
0.0017004982 0.0000133563
0.0014336035 0.0000133304
0.0023489371 0.0000132971
0.0025717989 0.0000132801
0.0020988435 0.0000132700
0.0021690875 0.0000132588
0.0016426519 0.0000132497
0.0016941652 0.0000132397
0.0019470826 0.0000132283
0.0014845729 0.0000132192
0.0015581176 0.0000132089
0.0018185824 0.0000131978
0.0032021552 0.0000131824
0.0024329722 0.0000131738
0.0029796287 0.0000131589
0.0022372305 0.0000131446
0.0018923208 0.0000131304
0.0024437532 0.0000131142
0.0017038360 0.0000131004
0.0022290573 0.0000130805
0.0023533553 0.0000130676
0.0023285747 0.0000130370
0.0029978529 0.0000129776
0.0022307187 0.0000129495
0.0017460063 0.0000129191
0.0018125102 0.0000129022
0.0020713583 0.0000128892
0.0016111135 0.0000128804
0.0024096519 0.0000128670
0.0022777691 0.0000128578
0.0024673641 0.0000128479
0.0019839406 0.0000128397
0.0027631074 0.0000128271
0.0026263893 0.0000128183
0.0020287707 0.0000128112
0.0015547872 0.0000127993
0.0015476942 0.0000127822
0.0022679418 0.0000127600
0.0016238168 0.0000127471
0.0022726953 0.0000127289
0.0021026805 0.0000127175
0.0017797351 0.0000127057
0.0018948242 0.0000126912
0.0019415990 0.0000126770
0.0018585846 0.0000126648
0.0010720566 0.0000126424
0.0017181858 0.0000125937
0.0029342249 0.0000125548
0.0024733096 0.0000125290
0.0019062832 0.0000125168
0.0018312559 0.0000124976
0.0017674640 0.0000124761
0.0023687929 0.0000124567
0.0034794137 0.0000124390
0.0030978844 0.0000124080
0.0027010664 0.0000123911
0.0027564317 0.0000123733
0.0027648583 0.0000123592
0.0023996308 0.0000123506
0.0025073662 0.0000123417
0.0019953549 0.0000123352
0.0027514696 0.0000123244
0.0026090518 0.0000123179
0.0027956292 0.0000123101
0.0030960292 0.0000123019
0.0026507527 0.0000122957
0.0027305111 0.0000122866
0.0029934794 0.0000122762
0.0025364608 0.0000122677
0.0021142736 0.0000122583
0.0018616915 0.0000122501
0.0020089671 0.0000122407
0.0015107021 0.0000122337
0.0015725419 0.0000122225
0.0018282160 0.0000122088
0.0013686270 0.0000121957
0.0021695420 0.0000121757
0.0026572570 0.0000121587
0.0020693168 0.0000121477
0.0017590970 0.0000121376
0.0026792884 0.0000121235
0.0032434613 0.0000121110
0.0030079708 0.0000121016
0.0018763691 0.0000120941
0.0020840913 0.0000120784
0.0021284372 0.0000120680
0.0023792908 0.0000120584
0.0019181669 0.0000120497
0.0016799197 0.0000120406
0.0014909282 0.0000120315
0.0016600266 0.0000120204
0.0019545481 0.0000120060
0.0022924989 0.0000119918
0.0018597916 0.0000119817
0.0026807487 0.0000119667
0.0025545955 0.0000119572
0.0019610152 0.0000119493
0.0012076721 0.0000119395
0.0017681047 0.0000119252
0.0015760735 0.0000119160
0.0009594113 0.0000119083
0.0016301125 0.0000118952
0.0020337999 0.0000118828
0.0017608404 0.0000118745
0.0019006953 0.0000118656
0.0021843314 0.0000118571
0.0025182590 0.0000118478
0.0020840988 0.0000118406
0.0021679327 0.0000118322
0.0034080297 0.0000118203
0.0026025698 0.0000118146
0.0025567859 0.0000118059
0.0019907206 0.0000117986
0.0020284727 0.0000117887
0.0022769198 0.0000117791
0.0018127337 0.0000117719
0.0026075169 0.0000117573
0.0024514645 0.0000117347
0.0026286170 0.0000117181
0.0021380782 0.0000117060
0.0029084012 0.0000116872
0.0019848123 0.0000116786
0.0018978864 0.0000116696
0.0021027178 0.0000116605
0.0016247109 0.0000116524
0.0016936362 0.0000116435
0.0019526854 0.0000116339
0.0022781640 0.0000116248
0.0018419176 0.0000116168
0.0026596040 0.0000116033
0.0017489940 0.0000115954
0.0016224235 0.0000115737
0.0017818138 0.0000115529
0.0030832738 0.0000115308
0.0022933930 0.0000115224
0.0028239936 0.0000115086
0.0026239827 0.0000115008
0.0027891919 0.0000114922
0.0022965968 0.0000114854
0.0030680969 0.0000114742
0.0023235455 0.0000114593
0.0018411651 0.0000114343
0.0026206598 0.0000114086
0.0024841726 0.0000113968
0.0021650791 0.0000113822
0.0030323341 0.0000113638
0.0024588704 0.0000113549
0.0019974038 0.0000113445
0.0027536228 0.0000113254
0.0029716566 0.0000113074
0.0031918064 0.0000112902
0.0024310946 0.0000112814
0.0029843599 0.0000112688
0.0020059496 0.0000112618
0.0018989667 0.0000112502
0.0020953715 0.0000112388
0.0023987517 0.0000112287
0.0020016879 0.0000112098
0.0020988509 0.0000111966
0.0018681362 0.0000111854
0.0016817153 0.0000111754
0.0027022660 0.0000111621
0.0033307225 0.0000111506
0.0025226101 0.0000111414
0.0021377876 0.0000111311
0.0020229667 0.0000111218
0.0022185594 0.0000111122
0.0025217906 0.0000111022
0.0020771101 0.0000110937
0.0021573976 0.0000110849
0.0033945739 0.0000110729
0.0033737347 0.0000110652
0.0023168698 0.0000110585
0.0018347353 0.0000110473
0.0015038401 0.0000110318
0.0018678382 0.0000110192
0.0014446825 0.0000110092
0.0015319288 0.0000109982
0.0027753115 0.0000109807
0.0022530928 0.0000109634
0.0020014644 0.0000109516
0.0016492158 0.0000109422
0.0017390177 0.0000109311
0.0017695278 0.0000109201
0.0016768202 0.0000109095
0.0015115365 0.0000108988
0.0020528883 0.0000108866
0.0021525174 0.0000108780
0.0024219379 0.0000108688
0.0019674823 0.0000108601
0.0020446330 0.0000108509
0.0032793656 0.0000108384
0.0024726987 0.0000108322
0.0024266690 0.0000108247
0.0018608421 0.0000108185
0.0018984526 0.0000108100
0.0031006187 0.0000107968
0.0025486574 0.0000107879
0.0022846460 0.0000107786
0.0024276599 0.0000107695
0.0027122498 0.0000107610
0.0022614077 0.0000107542
0.0023392811 0.0000107459
0.0018166527 0.0000107382
0.0018696189 0.0000107289
0.0021229833 0.0000107192
0.0023630634 0.0000106933
0.0037300363 0.0000106657
0.0037417039 0.0000106534
0.0031955913 0.0000106458
0.0024552643 0.0000106401
0.0019323528 0.0000106328
0.0026331395 0.0000106206
0.0020169243 0.0000106136
0.0026873872 0.0000106020
0.0025232434 0.0000105942
0.0027009025 0.0000105855
0.0022124574 0.0000105782
0.0017806813 0.0000105682
0.0025595948 0.0000105502
0.0019628108 0.0000105405
0.0019900426 0.0000105307
0.0022340342 0.0000105199
0.0036040023 0.0000105044
0.0028313696 0.0000104970
0.0027967840 0.0000104891
0.0030192882 0.0000104811
0.0025463924 0.0000104755
0.0018406957 0.0000104645
0.0018306673 0.0000104542
0.0020618215 0.0000104435
0.0016124323 0.0000104272
0.0024184361 0.0000104070
0.0017680600 0.0000103938
0.0014715120 0.0000103820
0.0016028434 0.0000103700
0.0018827170 0.0000103583
0.0014305487 0.0000103490
0.0022339150 0.0000103362
0.0021028668 0.0000103273
0.0015065968 0.0000103195
0.0015337691 0.0000103108
0.0027274415 0.0000102966
0.0019118488 0.0000102875
0.0010821074 0.0000102760
0.0015786886 0.0000102595
0.0018705800 0.0000102459
0.0026804879 0.0000102317
0.0020575151 0.0000102240
0.0020744875 0.0000102143
0.0023151562 0.0000102043
0.0018492490 0.0000101961
0.0011367649 0.0000101881
0.0017288849 0.0000101739
0.0020822138 0.0000101602
0.0017973483 0.0000101501
0.0019325837 0.0000101399
0.0022140890 0.0000101303
0.0025466308 0.0000101204
0.0021123737 0.0000101133
0.0021954030 0.0000101053
0.0016739368 0.0000100981
0.0024209321 0.0000100867
0.0022756755 0.0000100794
0.0024591833 0.0000100708
0.0023112744 0.0000100565
0.0025867298 0.0000100326
0.0023220927 0.0000100216
0.0024643689 0.0000100120
0.0027473345 0.0000099992
0.0022949055 0.0000099893
0.0018764436 0.0000099779
0.0016269833 0.0000099669
0.0025952831 0.0000099529
0.0025060549 0.0000099446
0.0023128763 0.0000099337
0.0025341883 0.0000099195
0.0022556782 0.0000099112
0.0023924559 0.0000099008
0.0021742731 0.0000098877
0.0019922927 0.0000098778
0.0013869405 0.0000098644
0.0020677447 0.0000098454
0.0019059256 0.0000098346
0.0029452369 0.0000098204
0.0028740019 0.0000098115
0.0022990778 0.0000098047
0.0023327768 0.0000097967
0.0017943978 0.0000097890
0.0018410906 0.0000097798
0.0020918921 0.0000097698
0.0019321591 0.0000097548
0.0021786019 0.0000097388
0.0019068867 0.0000097283
0.0020466968 0.0000097180
0.0015461743 0.0000097076
0.0016063824 0.0000096957
0.0018614456 0.0000096845
0.0032406524 0.0000096699
0.0024705157 0.0000096617
0.0019357577 0.0000096494
0.0018766597 0.0000096348
0.0018112361 0.0000096215
0.0016612783 0.0000096095
0.0022109747 0.0000095960
0.0023118556 0.0000095863
0.0021406561 0.0000095758
0.0019744933 0.0000095669
0.0030103028 0.0000095549
0.0029383153 0.0000095460
0.0023629665 0.0000095387
0.0023969561 0.0000095312
0.0018581524 0.0000095251
0.0025907159 0.0000095150
0.0024415925 0.0000095079
0.0026236996 0.0000095004
0.0021367446 0.0000094941
0.0022015795 0.0000094867
0.0024588034 0.0000094770
0.0019992366 0.0000094672
0.0017602295 0.0000094574
0.0019413158 0.0000094450
0.0020301118 0.0000094324
0.0019712597 0.0000094212
0.0025738776 0.0000094094
0.0019030496 0.0000094019
0.0025302470 0.0000093878
0.0015709773 0.0000093784
0.0019636974 0.0000093620
0.0017286763 0.0000093529
0.0018810257 0.0000093439
0.0021679848 0.0000093352
0.0025020093 0.0000093268
0.0002568364 0.0000093255
0.0011648312 0.0000093113
0.0023967549 0.0000092962
0.0015681833 0.0000092876
0.0020363182 0.0000092743
0.0015899017 0.0000092671
0.0023667812 0.0000092566
0.0019943491 0.0000092463
0.0015331805 0.0000092393
0.0017992482 0.0000092292
0.0012596995 0.0000092216
0.0012346730 0.0000092117
0.0025983676 0.0000091927
0.0021617040 0.0000091838
0.0024473816 0.0000091736
0.0017378405 0.0000091674
0.0018017888 0.0000091578
0.0020559058 0.0000091446
0.0024008974 0.0000091308
0.0016697422 0.0000091213
0.0017515197 0.0000090972
0.0020173863 0.0000090787
0.0016619712 0.0000090707
0.0027616918 0.0000090574
0.0022581369 0.0000090503
0.0019273907 0.0000090433
0.0012776628 0.0000090374
0.0018905103 0.0000090261
0.0016557649 0.0000090191
0.0015625134 0.0000090119
0.0021280795 0.0000090025
0.0027050376 0.0000089938
0.0022470653 0.0000089877
0.0019301251 0.0000089807
0.0013804585 0.0000089678
0.0024448708 0.0000089219
0.0017115921 0.0000089010
0.0022036359 0.0000088634
0.0015466884 0.0000088521
0.0021540895 0.0000088378
0.0017430261 0.0000088314
0.0012696758 0.0000088261
0.0009495020 0.0000088195
0.0020788759 0.0000088078
0.0015834868 0.0000088011
0.0023224354 0.0000087914
0.0021203309 0.0000087853
0.0020393506 0.0000087799
0.0016803667 0.0000087754
0.0013993010 0.0000087708
0.0025591627 0.0000087608
0.0020710528 0.0000087562
0.0028154254 0.0000087490
0.0020915046 0.0000087455
0.0018284842 0.0000087414
0.0014055595 0.0000087368
0.0017031804 0.0000087301
0.0009974316 0.0000087257
0.0015649050 0.0000087170
0.0021951348 0.0000087083
0.0026818514 0.0000086970
0.0022008121 0.0000086894
0.0029509440 0.0000086796
0.0022288486 0.0000086751
0.0019664019 0.0000086702
0.0015270934 0.0000086598
0.0010425746 0.0000086524
0.0017895326 0.0000086417
0.0025348291 0.0000086318
0.0025942698 0.0000086244
0.0027485117 0.0000086176
0.0030357689 0.0000086112
0.0022835657 0.0000086069
0.0018659011 0.0000086021
0.0017098263 0.0000085958
0.0022244230 0.0000085880
0.0027691573 0.0000085793
0.0019565746 0.0000085739
0.0016624779 0.0000085681
0.0020646602 0.0000085603
0.0025285557 0.0000085491
0.0020404905 0.0000085419
0.0017147809 0.0000085361
0.0015908107 0.0000085297
0.0021311790 0.0000085216
0.0021931380 0.0000085143
0.0023484975 0.0000085073
0.0017927065 0.0000085019
0.0012677237 0.0000084970
0.0014826506 0.0000084883
0.0013355017 0.0000084804
0.0013675839 0.0000084727
0.0015835539 0.0000084622
0.0018299371 0.0000084524
0.0021716058 0.0000084437
0.0024923608 0.0000084361
0.0019750074 0.0000084307
0.0026951358 0.0000084224
0.0024873540 0.0000084167
0.0018805787 0.0000084114
0.0013381094 0.0000084066
0.0008210093 0.0000084007
0.0004893914 0.0000083932
0.0016084239 0.0000083808
0.0020418167 0.0000083709
0.0024166033 0.0000083621
0.0028346479 0.0000083546
0.0027018636 0.0000083484
0.0027425587 0.0000083412
0.0018119887 0.0000083364
0.0024418160 0.0000083253
0.0019947141 0.0000083200
0.0030197054 0.0000083113
0.0024959818 0.0000083051
0.0027113110 0.0000082968
0.0025651902 0.0000082892
0.0025983751 0.0000082812
0.0028142408 0.0000082732
0.0025616214 0.0000082663
0.0025317520 0.0000082596
0.0019330606 0.0000082557
0.0013929531 0.0000082513
0.0020949319 0.0000082436
0.0018827170 0.0000082386
0.0012755170 0.0000082333
0.0019241348 0.0000082234
0.0015238449 0.0000082172
0.0018423274 0.0000082068
0.0017617121 0.0000081974
0.0018334091 0.0000081881
0.0020719767 0.0000081784
0.0023320764 0.0000081697
0.0018013939 0.0000081637
0.0025143921 0.0000081530
0.0021298230 0.0000081470
0.0016649365 0.0000081418
0.0011720136 0.0000081368
0.0019118041 0.0000081267
0.0026521385 0.0000081168
0.0020051301 0.0000081112
0.0021203756 0.0000081037
0.0024082437 0.0000080962
0.0027743056 0.0000080890
0.0031088963 0.0000080828
0.0021107569 0.0000080759
0.0021088421 0.0000080507
0.0019085705 0.0000080406
0.0023869723 0.0000080294
0.0024090260 0.0000080209
0.0020413548 0.0000080141
0.0019434616 0.0000080076
0.0020819008 0.0000080010
0.0022823662 0.0000079942
0.0017367527 0.0000079899
0.0024337098 0.0000079819
0.0016976967 0.0000079771
0.0024876297 0.0000079687
0.0019064769 0.0000079642
0.0020747632 0.0000079573
0.0018980056 0.0000079511
0.0019119754 0.0000079440
0.0014990866 0.0000079388
0.0013443381 0.0000079326
0.0018598735 0.0000079243
0.0019063950 0.0000079170
0.0020526946 0.0000079092
0.0014949888 0.0000079040
0.0021829233 0.0000078948
0.0017922670 0.0000078887
0.0021155477 0.0000078813
0.0025371537 0.0000078738
0.0020421818 0.0000078676
0.0027803406 0.0000078589
0.0024022460 0.0000078536
0.0027371496 0.0000078462
0.0026664883 0.0000078402
0.0022448003 0.0000078346
0.0021143481 0.0000078284
0.0014981553 0.0000078229
0.0015457347 0.0000078127
0.0022251531 0.0000078018
0.0023771971 0.0000077929
0.0020866320 0.0000077849
0.0020342767 0.0000077774
0.0016055033 0.0000077723
0.0014448985 0.0000077661
0.0010586008 0.0000077604
0.0018854067 0.0000077505
0.0017053932 0.0000077435
0.0016315356 0.0000077371
0.0012753829 0.0000077312
0.0008241162 0.0000077238
0.0016092882 0.0000077095
0.0023796558 0.0000076967
0.0029529706 0.0000076865
0.0021466911 0.0000076809
0.0018544719 0.0000076754
0.0015965104 0.0000076708
0.0027754903 0.0000076633
0.0024671927 0.0000076593
0.0018262118 0.0000076557
0.0019615293 0.0000076456
0.0022803694 0.0000076313
0.0017627254 0.0000076253
0.0012513176 0.0000076193
0.0019760430 0.0000076097
0.0017699003 0.0000076035
0.0016872361 0.0000075974
0.0015026480 0.0000075909
0.0027409717 0.0000075812
0.0023824647 0.0000075718
0.0016042218 0.0000075586
0.0021133721 0.0000075428
0.0018531978 0.0000075354
0.0030302703 0.0000075255
0.0025465116 0.0000075204
0.0020472035 0.0000075162
0.0015427247 0.0000075124
0.0012115315 0.0000075077
0.0010852367 0.0000075017
0.0016238168 0.0000074933
0.0016848668 0.0000074863
0.0018393025 0.0000074795
0.0012840182 0.0000074745
0.0019752011 0.0000074650
0.0017608926 0.0000074593
0.0016751587 0.0000074535
0.0013145879 0.0000074482
0.0016626641 0.0000074414
0.0021002889 0.0000074345
0.0016102567 0.0000074289
0.0018525422 0.0000074221
0.0022223815 0.0000074154
0.0018917918 0.0000074107
0.0017657578 0.0000074056
0.0013908744 0.0000074012
0.0017280206 0.0000073936
0.0021595582 0.0000073856
0.0016667619 0.0000073791
0.0013395846 0.0000073734
0.0012149885 0.0000073679
0.0017549396 0.0000073594
0.0023161918 0.0000073511
0.0028440580 0.0000073437
0.0027753711 0.0000073376
0.0019404516 0.0000073338
0.0019027144 0.0000073281
0.0020923689 0.0000073223
0.0015445054 0.0000073188
0.0017402396 0.0000073129
0.0015807003 0.0000073072
0.0016058683 0.0000073003
0.0018177927 0.0000072918
0.0020614862 0.0000072842
0.0024017543 0.0000072774
0.0027211085 0.0000072710
0.0018563718 0.0000072670
0.0025408939 0.0000072589
0.0019326508 0.0000072544
0.0013899133 0.0000072495
0.0020929202 0.0000072402
0.0013891682 0.0000072300
0.0011329502 0.0000072231
0.0008880645 0.0000072169
0.0020771846 0.0000072075
0.0015959367 0.0000072016
0.0012724847 0.0000071955
0.0013237521 0.0000071877
0.0013302192 0.0000071785
0.0019763410 0.0000071690
0.0026055127 0.0000071604
0.0018122718 0.0000071554
0.0015250221 0.0000071503
0.0024319217 0.0000071424
0.0017490536 0.0000071382
0.0014998019 0.0000071337
0.0010818318 0.0000071287
0.0018829256 0.0000071212
0.0011727586 0.0000071165
0.0009152144 0.0000071113
0.0013469085 0.0000071043
0.0013386980 0.0000070985
0.0014521703 0.0000070918
0.0022150427 0.0000070845
0.0018000156 0.0000070798
0.0021039397 0.0000070738
0.0020139664 0.0000070681
0.0020801127 0.0000070622
0.0015038475 0.0000070583
0.0021751672 0.0000070513
0.0014329851 0.0000070472
0.0011632890 0.0000070426
0.0009135604 0.0000070378
0.0020985380 0.0000070297
0.0016164854 0.0000070252
0.0012924075 0.0000070206
0.0024173856 0.0000070133
0.0020801872 0.0000070065
0.0019238368 0.0000069967
0.0017132759 0.0000069906
0.0016283244 0.0000069846
0.0026997402 0.0000069760
0.0020579994 0.0000069718
0.0018233880 0.0000069673
0.0015858412 0.0000069630
0.0027810857 0.0000069551
0.0019543692 0.0000069507
0.0016820431 0.0000069432
0.0027159601 0.0000069217
0.0036460236 0.0000069062
0.0026945099 0.0000069011
0.0023512766 0.0000068964
0.0020758510 0.0000068926
0.0019690096 0.0000068886
0.0025227889 0.0000068833
0.0020568669 0.0000068799
0.0018836856 0.0000068758
0.0015919358 0.0000068686
0.0024218187 0.0000068443
0.0020254999 0.0000068357
0.0018766969 0.0000068295
0.0023972616 0.0000068221
0.0019227192 0.0000068180
0.0017470866 0.0000068132
0.0015306771 0.0000068082
0.0027425811 0.0000068001
0.0032362640 0.0000067937
0.0025320202 0.0000067901
0.0025376081 0.0000067853
0.0022088215 0.0000067815
0.0017638505 0.0000067781
0.0020425469 0.0000067729
0.0019114688 0.0000067670
0.0017100498 0.0000067613
0.0016293675 0.0000067555
0.0022052303 0.0000067484
0.0015695468 0.0000067441
0.0011920854 0.0000067390
0.0022740215 0.0000067316
0.0017663911 0.0000067274
0.0024947822 0.0000067202
0.0017666742 0.0000067163
0.0016774684 0.0000067112
0.0016356483 0.0000067059
0.0022427142 0.0000066991
0.0017893314 0.0000066943
0.0028055459 0.0000066846
0.0031731278 0.0000066773
0.0024396405 0.0000066738
0.0018531978 0.0000066705
0.0014927387 0.0000066666
0.0013611242 0.0000066611
0.0011676773 0.0000066539
0.0011083707 0.0000066453
0.0017838851 0.0000066262
0.0013486147 0.0000066180
0.0011866391 0.0000066110
0.0016957745 0.0000066032
0.0012182966 0.0000065983
0.0012164712 0.0000065921
0.0026033968 0.0000065831
0.0021730587 0.0000065776
0.0018674359 0.0000065727
0.0017498061 0.0000065670
0.0013782308 0.0000065626
0.0022159815 0.0000065561
0.0018637851 0.0000065523
0.0014104247 0.0000065488
0.0009222552 0.0000065451
0.0011675879 0.0000065390
0.0015401989 0.0000065323
0.0010355636 0.0000065281
0.0017661005 0.0000065202
0.0013863966 0.0000065152
0.0017198995 0.0000065087
0.0021478608 0.0000065022
0.0025965869 0.0000064962
0.0024815798 0.0000064914
0.0022162944 0.0000064864
0.0017926916 0.0000064828
0.0020894930 0.0000064776
0.0015586019 0.0000064735
0.0025149211 0.0000064666
0.0028437525 0.0000064613
0.0026575774 0.0000064573
0.0026660115 0.0000064534
0.0020761564 0.0000064510
0.0027373433 0.0000064463
0.0025148913 0.0000064432
0.0019036308 0.0000064405
0.0025471523 0.0000064346
0.0021448284 0.0000064305
0.0018488541 0.0000064267
0.0017350316 0.0000064227
0.0022829473 0.0000064175
0.0018151477 0.0000064139
0.0016413704 0.0000064096
0.0014246181 0.0000064054
0.0026368424 0.0000063989
0.0018139705 0.0000063957
0.0025336146 0.0000063898
0.0027098656 0.0000063849
0.0024333969 0.0000063808
0.0023891777 0.0000063765
0.0030575618 0.0000063701
0.0026207492 0.0000063664
0.0021374971 0.0000063628
0.0023897961 0.0000063560
0.0018486306 0.0000063509
0.0016487017 0.0000063455
0.0026260838 0.0000063359
0.0023079664 0.0000063292
0.0018660426 0.0000063242
0.0013815984 0.0000063201
0.0010578036 0.0000063156
0.0021825880 0.0000063074
0.0016857088 0.0000063031
0.0017615780 0.0000062971
0.0024643019 0.0000062908
0.0020355880 0.0000062875
0.0018755198 0.0000062832
0.0023856983 0.0000062779
0.0019088164 0.0000062749
0.0017315298 0.0000062713
0.0015137941 0.0000062678
0.0014268383 0.0000062642
0.0019970164 0.0000062587
0.0025771409 0.0000062531
0.0017786324 0.0000062478
0.0025174096 0.0000062405
0.0019230545 0.0000062371
0.0015601665 0.0000062332
0.0014230534 0.0000062289
0.0012188628 0.0000062249
0.0024408922 0.0000062173
0.0021435693 0.0000062129
0.0020290315 0.0000062087
0.0018333048 0.0000062044
0.0017538816 0.0000062001
0.0028295144 0.0000061937
0.0021888241 0.0000061904
0.0019544512 0.0000061867
0.0024049133 0.0000061815
0.0019124672 0.0000061783
0.0017297119 0.0000061749
0.0013345852 0.0000061716
0.0016542226 0.0000061660
0.0015743151 0.0000061608
0.0016457662 0.0000061556
0.0018845201 0.0000061496
0.0021445081 0.0000061434
0.0016131103 0.0000061391
0.0012721345 0.0000061347
0.0011423305 0.0000061297
0.0021771640 0.0000061219
0.0031070411 0.0000061144
0.0026798174 0.0000061106
0.0019966736 0.0000061074
0.0020825118 0.0000061024
0.0018521100 0.0000060973
0.0018351451 0.0000060916
0.0025203452 0.0000060843
0.0017402321 0.0000060804
0.0024931878 0.0000060742
0.0020774007 0.0000060706
0.0019211769 0.0000060660
0.0017106906 0.0000060619
0.0011205599 0.0000060554
0.0018500164 0.0000060364
0.0016447976 0.0000060284
0.0010391697 0.0000060225
0.0016871020 0.0000060144
0.0012861937 0.0000060095
0.0020999610 0.0000060024
0.0017410591 0.0000059981
0.0020911321 0.0000059920
0.0015738606 0.0000059876
0.0025409311 0.0000059810
0.0020022169 0.0000059759
0.0014841929 0.0000059716
0.0015541390 0.0000059656
0.0022519603 0.0000059589
0.0018219873 0.0000059547
0.0016612038 0.0000059501
0.0021711141 0.0000059439
0.0027122274 0.0000059379
0.0022457168 0.0000059334
0.0025074035 0.0000059277
0.0019672066 0.0000059242
0.0017680079 0.0000059203
0.0022465289 0.0000059147
0.0022687539 0.0000059097
0.0020364076 0.0000059051
0.0016239136 0.0000059010
0.0019299909 0.0000058951
0.0023403913 0.0000058892
0.0018438995 0.0000058852
0.0013399571 0.0000058813
0.0020697787 0.0000058751
0.0018646643 0.0000058711
0.0017821789 0.0000058672
0.0014225021 0.0000058633
0.0022702739 0.0000058569
0.0015727282 0.0000058533
0.0013221800 0.0000058480
0.0017812029 0.0000058337
0.0017969906 0.0000058202
0.0019256771 0.0000058090
0.0026967153 0.0000057988
0.0022837967 0.0000057936
0.0018090904 0.0000057896
0.0014875457 0.0000057854
0.0015397146 0.0000057805
0.0015466884 0.0000057759
0.0021929368 0.0000057699
0.0017500967 0.0000057660
0.0015869215 0.0000057611
0.0013775006 0.0000057547
0.0012941509 0.0000057482
0.0018720105 0.0000057383
0.0024569854 0.0000057297
0.0020011440 0.0000057254
0.0027700290 0.0000057191
0.0024000704 0.0000057154
0.0019400939 0.0000057119
0.0016241148 0.0000057078
0.0015031993 0.0000057032
0.0013048947 0.0000056983
0.0013996512 0.0000056920
0.0008989945 0.0000056862
0.0016322508 0.0000056782
0.0023684725 0.0000056710
0.0029215515 0.0000056649
0.0026336536 0.0000056609
0.0019993111 0.0000056577
0.0021245182 0.0000056528
0.0020603687 0.0000056389
0.0018070117 0.0000056177
0.0017782226 0.0000056024
0.0019572899 0.0000055914
0.0021817088 0.0000055834
0.0025106817 0.0000055770
0.0023247749 0.0000055718
0.0023349002 0.0000055668
0.0019206628 0.0000055630
0.0014656261 0.0000055535
0.0012965873 0.0000055466
0.0023049563 0.0000055356
0.0019954145 0.0000055300
0.0023844019 0.0000055238
0.0018767342 0.0000055203
0.0016890913 0.0000055166
0.0012924075 0.0000055134
0.0014041886 0.0000055083
0.0021360740 0.0000055026
0.0017152950 0.0000054989
0.0015577599 0.0000054948
0.0020703748 0.0000054894
0.0026135519 0.0000054844
0.0018098205 0.0000054793
0.0016886443 0.0000054738
0.0016252249 0.0000054675
0.0027141273 0.0000054597
