-0.7443779707 2.4724221230
-0.7002694607 2.0322332382
-0.6372945905 1.6920018196
-0.5694472790 1.4095708132
-0.4979784191 1.1769814491
-0.4269443750 0.9799352884
-0.3614838421 0.8097362518
-0.2931613922 0.6684252620
-0.2222097218 0.5516704917
-0.1435548365 0.4588706791
-0.0845631957 0.3763836324
-0.0395673066 0.3063718677
-0.0152378231 0.2476289123
-0.0124336705 0.2000079155
-0.0058405846 0.1618812382
0.0094633400 0.1313965172
0.0154549927 0.1070270389
-0.0011058226 0.0880363360
0.0105461702 0.0728088170
0.0339565799 0.0604147539
0.0376385152 0.0503645279
0.0329089835 0.0420844704
0.0128126517 0.0355681702
-0.0055404529 0.0303076170
-0.0024539009 0.0257978328
0.0086974204 0.0220048968
0.0118438378 0.0190078821
-0.0022760704 0.0167901441
-0.0148580521 0.0149811292
-0.0265884623 0.0134587167
-0.0078675523 0.0120935049
0.0049079880 0.0109443162
0.0020447224 0.0099013224
0.0095903501 0.0088752331
0.0085003003 0.0079138987
-0.0031015426 0.0071623195
-0.0073032752 0.0064723808
-0.0071939826 0.0058408445
-0.0007900223 0.0052604186
-0.0072995201 0.0047909832
0.0046750084 0.0044340906
0.0091151819 0.0041319784
0.0154161155 0.0038438959
0.0028196871 0.0036326216
-0.0048186705 0.0034516286
-0.0056039989 0.0032394961
0.0077810958 0.0030473550
0.0063531548 0.0028322686
0.0057799816 0.0025606835
0.0082045868 0.0023522805
0.0109296069 0.0021974805
0.0004304275 0.0020902816
-0.0012673736 0.0020048665
0.0020852834 0.0019186123
0.0012144819 0.0018250803
0.0020036399 0.0017765190
0.0030527413 0.0017106246
0.0019888133 0.0016395344
0.0113717839 0.0015777348
0.0091179237 0.0015173573
0.0018897429 0.0014679994
-0.0043528080 0.0014283276
0.0065984428 0.0013918071
0.0058377832 0.0013630668
0.0046649277 0.0013326288
0.0000545755 0.0013003361
0.0006460398 0.0012323193
0.0010773242 0.0011636806
0.0012719259 0.0011029743
-0.0030494854 0.0010576926
-0.0018388852 0.0010102309
-0.0022367388 0.0009699636
-0.0037637800 0.0009356689
-0.0037418902 0.0009009154
0.0009222776 0.0008825032
-0.0012199953 0.0008644091
-0.0016745999 0.0008389134
0.0028236806 0.0008048370
0.0006088167 0.0007931503
-0.0054987669 0.0007811166
-0.0046995431 0.0007663983
-0.0025435463 0.0007497768
0.0009286627 0.0007251468
0.0008421093 0.0006999180
-0.0020721331 0.0006784822
0.0008206442 0.0006554823
0.0039426982 0.0006332420
0.0013014004 0.0006256255
-0.0000926480 0.0006143683
0.0011260659 0.0006006615
-0.0011608675 0.0005887221
-0.0021950752 0.0005786463
0.0026544183 0.0005685352
-0.0004178137 0.0005641025
-0.0017369688 0.0005581878
-0.0008483827 0.0005491121
0.0019739270 0.0005362089
0.0023633167 0.0005310233
0.0043573678 0.0005252485
0.0023832768 0.0005065080
0.0019476190 0.0004892041
0.0026559234 0.0004645551
0.0004114360 0.0004406588
-0.0033169165 0.0004260791
-0.0045732781 0.0004146017
-0.0008520782 0.0004044700
-0.0028414652 0.0003890466
0.0005236566 0.0003713854
0.0029470399 0.0003652352
0.0041580722 0.0003603814
0.0053900406 0.0003545267
0.0021510571 0.0003500176
0.0011948273 0.0003423767
-0.0015500188 0.0003353788
-0.0023925155 0.0003291951
-0.0003438964 0.0003225672
-0.0001796335 0.0003122654
-0.0032644197 0.0003083005
-0.0023626536 0.0003029277
-0.0043219998 0.0002979722
-0.0028331354 0.0002937655
-0.0044195578 0.0002893744
-0.0043736547 0.0002855984
0.0009966344 0.0002819063
0.0036033615 0.0002770510
0.0007119849 0.0002727838
-0.0022554100 0.0002673763
0.0002149567 0.0002589917
0.0023654550 0.0002548762
0.0013388842 0.0002470927
0.0038955361 0.0002405989
0.0030161887 0.0002363894
0.0030200928 0.0002345850
0.0011166483 0.0002312313
0.0013447031 0.0002227618
-0.0003640577 0.0002156233
0.0025988668 0.0002077267
0.0001577139 0.0002002218
-0.0011675656 0.0001936267
-0.0011624917 0.0001907442
0.0013093278 0.0001868543
-0.0013374537 0.0001825521
-0.0012739375 0.0001791733
0.0000429451 0.0001752908
0.0033393130 0.0001717365
0.0037024245 0.0001705397
0.0028119832 0.0001693524
0.0029030740 0.0001680941
0.0027993023 0.0001637750
0.0016994998 0.0001596451
0.0025501773 0.0001582037
0.0000205263 0.0001573798
-0.0027290955 0.0001560693
-0.0002006665 0.0001545354
0.0002995878 0.0001520841
-0.0009765401 0.0001500755
0.0001298264 0.0001475689
0.0024097338 0.0001452586
0.0015129820 0.0001435396
-0.0019251928 0.0001421789
-0.0015567988 0.0001406248
0.0006057397 0.0001390046
0.0015963539 0.0001369642
0.0030590370 0.0001358789
0.0029087216 0.0001345132
0.0008743927 0.0001332683
-0.0020876527 0.0001322364
-0.0015653223 0.0001311935
0.0018537268 0.0001302301
0.0027195066 0.0001281139
0.0011043474 0.0001270454
0.0017962754 0.0001260766
0.0016349331 0.0001250296
-0.0001891777 0.0001234262
0.0017376691 0.0001222327
-0.0012320355 0.0001208795
-0.0018785447 0.0001186023
-0.0031047910 0.0001177650
-0.0010356978 0.0001171642
0.0014634952 0.0001162121
0.0010469779 0.0001156873
-0.0000187904 0.0001150676
0.0011062548 0.0001133899
0.0028183386 0.0001105538
0.0011619776 0.0001081583
0.0000725761 0.0001069635
-0.0015413910 0.0001058636
-0.0023169592 0.0001049577
-0.0026546270 0.0001043762
-0.0026285946 0.0001039605
-0.0023168921 0.0001036127
-0.0018656105 0.0001031259
0.0018346757 0.0001021850
0.0004692301 0.0001007806
0.0047812387 0.0000985249
0.0041277036 0.0000978503
0.0017593801 0.0000972275
0.0019556358 0.0000967323
0.0015701950 0.0000961557
0.0016611442 0.0000952180
-0.0012956336 0.0000942155
-0.0020550191 0.0000933324
-0.0023917928 0.0000929562
-0.0024163499 0.0000926689
-0.0000190362 0.0000916209
0.0022169203 0.0000908838
0.0002538338 0.0000904705
0.0009889156 0.0000901302
0.0013272166 0.0000897640
-0.0015514791 0.0000886815
-0.0008367226 0.0000870186
0.0012706146 0.0000857125
0.0000749826 0.0000848017
-0.0030763447 0.0000833398
-0.0012310669 0.0000822598
-0.0025110990 0.0000815592
-0.0041096881 0.0000812593
-0.0013068914 0.0000808431
-0.0010932758 0.0000804330
0.0013425499 0.0000796495
0.0043225810 0.0000783130
0.0023032427 0.0000773862
0.0010482967 0.0000767231
-0.0003659502 0.0000767111
-0.0024834722 0.0000764620
0.0013662279 0.0000760618
0.0007316768 0.0000755777
0.0002327114 0.0000747615
0.0013341382 0.0000738439
0.0001484603 0.0000728711
-0.0009339303 0.0000718743
0.0001345649 0.0000710510
0.0000829175 0.0000707032
-0.0010078549 0.0000695642
-0.0012020841 0.0000679075
-0.0015575737 0.0000672261
-0.0015840530 0.0000668396
0.0001802742 0.0000664539
0.0016837642 0.0000657884
0.0008992255 0.0000653077
0.0000100806 0.0000645544
-0.0004235432 0.0000639204
-0.0010474920 0.0000634340
-0.0021815300 0.0000626409
-0.0034684390 0.0000619046
-0.0015664324 0.0000613477
-0.0017222762 0.0000609703
-0.0009051561 0.0000605455
0.0004083961 0.0000600023
0.0013489425 0.0000596328
0.0020359084 0.0000592671
0.0021540150 0.0000590026
0.0018234923 0.0000588360
0.0005680397 0.0000582426
-0.0018915161 0.0000580741
-0.0021197498 0.0000578600
-0.0013437197 0.0000576970
-0.0025079399 0.0000575664
-0.0003938526 0.0000573518
0.0010679290 0.0000570406
0.0021373183 0.0000565320
0.0012013540 0.0000559460
0.0002809316 0.0000557349
0.0011771023 0.0000555040
0.0010299683 0.0000553191
0.0005960613 0.0000549646
-0.0015395433 0.0000546330
-0.0023661926 0.0000543166
-0.0021294206 0.0000541056
-0.0018114895 0.0000539483
0.0000645369 0.0000537165
-0.0004911870 0.0000534433
-0.0024963915 0.0000532814
-0.0023761839 0.0000530670
-0.0039568841 0.0000528946
-0.0024155378 0.0000527490
0.0005105659 0.0000525170
0.0002700016 0.0000521871
-0.0007241815 0.0000512659
-0.0020571649 0.0000506629
-0.0007336885 0.0000503645
-0.0024817213 0.0000501670
-0.0029059052 0.0000498631
-0.0002414510 0.0000495288
0.0010621995 0.0000493155
0.0010596141 0.0000491110
0.0006560832 0.0000488264
0.0021199137 0.0000485853
0.0015501976 0.0000484654
0.0008444712 0.0000483811
-0.0010376945 0.0000482350
-0.0015672147 0.0000480354
-0.0017952397 0.0000478456
-0.0007474720 0.0000478218
0.0010724068 0.0000475865
0.0009968802 0.0000473893
0.0022693574 0.0000471195
-0.0021755323 0.0000465806
-0.0003371909 0.0000464131
-0.0002817139 0.0000462463
0.0005864352 0.0000459146
0.0015762895 0.0000455851
0.0016763508 0.0000453497
-0.0001256242 0.0000452642
0.0003048852 0.0000451088
0.0015217885 0.0000448808
0.0019084364 0.0000446947
0.0016724393 0.0000445540
0.0022890121 0.0000445335
0.0000829771 0.0000444506
0.0016698837 0.0000442983
-0.0007729754 0.0000441823
-0.0009837002 0.0000440636
-0.0010321736 0.0000438476
-0.0015895814 0.0000436474
-0.0000358820 0.0000434828
0.0000784472 0.0000428556
0.0008295923 0.0000422200
0.0011500418 0.0000416546
-0.0000446662 0.0000414253
0.0019695014 0.0000411511
0.0001443326 0.0000410307
0.0001730621 0.0000409300
-0.0006095022 0.0000405956
-0.0022791028 0.0000405329
0.0007365644 0.0000404290
-0.0004945099 0.0000401817
-0.0003628135 0.0000397360
-0.0000518039 0.0000392980
0.0007336885 0.0000389695
0.0013721511 0.0000388471
0.0006967634 0.0000387107
0.0002973080 0.0000386215
0.0010907874 0.0000384759
0.0025479421 0.0000383914
0.0006897524 0.0000383323
0.0010476708 0.0000382103
-0.0001134723 0.0000379424
-0.0008157343 0.0000377412
-0.0002452955 0.0000376439
0.0003657266 0.0000375347
0.0007358938 0.0000374235
0.0005128384 0.0000372881
0.0008007959 0.0000371739
0.0008136705 0.0000370348
0.0002459139 0.0000369322
-0.0008774847 0.0000367343
0.0000877902 0.0000365630
-0.0001921281 0.0000364154
0.0000277534 0.0000363308
0.0000473186 0.0000362817
0.0000174567 0.0000362365
-0.0004084632 0.0000361623
-0.0007364973 0.0000360363
-0.0003931150 0.0000359018
0.0004916936 0.0000356156
-0.0016435087 0.0000354834
0.0003474355 0.0000353325
0.0002697259 0.0000352678
0.0004948676 0.0000351690
-0.0001965612 0.0000350660
0.0006487221 0.0000349786
0.0003631860 0.0000348673
0.0008338392 0.0000347501
0.0002096668 0.0000346256
0.0006514117 0.0000345042
-0.0009165704 0.0000344461
-0.0003459230 0.0000343514
-0.0002517030 0.0000342282
0.0004408211 0.0000341236
0.0004846901 0.0000341090
0.0006863400 0.0000340493
0.0011035651 0.0000339243
-0.0013490841 0.0000338729
-0.0000530332 0.0000337457
0.0009283051 0.0000335136
0.0016643256 0.0000333401
0.0010321289 0.0000331912
0.0005616471 0.0000330019
0.0003736466 0.0000328319
0.0013443157 0.0000327564
0.0008529350 0.0000326829
-0.0004397035 0.0000326292
-0.0004903376 0.0000325936
0.0009926036 0.0000325579
0.0015115067 0.0000325165
0.0005469322 0.0000324624
0.0000415295 0.0000324302
0.0006811619 0.0000323808
0.0006930158 0.0000323387
0.0007041544 0.0000323109
-0.0006564632 0.0000322872
-0.0005835369 0.0000322650
0.0006431043 0.0000322049
-0.0002906397 0.0000321571
0.0002881512 0.0000321244
-0.0006137863 0.0000320963
0.0002791062 0.0000320601
-0.0000835508 0.0000320045
0.0013186857 0.0000319299
0.0013988391 0.0000318546
0.0001461729 0.0000317892
0.0009722188 0.0000315980
0.0005900860 0.0000313495
-0.0006720275 0.0000311866
-0.0000014976 0.0000310687
0.0006558746 0.0000309731
0.0015224367 0.0000309242
0.0006667227 0.0000308778
0.0005387142 0.0000308252
0.0003205240 0.0000307678
0.0016106069 0.0000307089
0.0009330362 0.0000306625
0.0013737008 0.0000306172
-0.0012984872 0.0000305841
0.0003514811 0.0000305439
0.0001202747 0.0000305059
0.0002414361 0.0000303684
0.0001542419 0.0000302863
0.0000818744 0.0000302023
0.0013872012 0.0000300975
0.0006815121 0.0000300168
-0.0002547130 0.0000299562
0.0009962991 0.0000298918
0.0003386065 0.0000298383
0.0001108870 0.0000297867
0.0011478886 0.0000295424
0.0023709163 0.0000292773
0.0016212910 0.0000290799
-0.0004111081 0.0000290256
0.0003705621 0.0000289250
0.0000379533 0.0000288444
0.0002598315 0.0000287605
-0.0005891174 0.0000286541
-0.0010026991 0.0000285600
-0.0001124367 0.0000285166
-0.0007378086 0.0000284888
-0.0014581010 0.0000284380
-0.0005681738 0.0000283862
-0.0009092391 0.0000283278
0.0004230589 0.0000282673
0.0003953129 0.0000282057
-0.0000795573 0.0000280866
-0.0009874701 0.0000280499
-0.0014803186 0.0000280029
-0.0008456558 0.0000279562
-0.0004758835 0.0000279334
-0.0012159273 0.0000279119
-0.0001588538 0.0000278825
-0.0007073507 0.0000278633
0.0002212897 0.0000278346
-0.0006499141 0.0000278174
-0.0014619827 0.0000277860
0.0003518835 0.0000277282
0.0000618920 0.0000276820
-0.0003341883 0.0000276445
0.0000920817 0.0000276166
-0.0006516874 0.0000275904
0.0004201904 0.0000275562
-0.0000140294 0.0000275364
0.0003643185 0.0000275133
-0.0008893535 0.0000274908
0.0000192225 0.0000274520
-0.0006971359 0.0000274114
-0.0005216673 0.0000273629
0.0005732328 0.0000273098
0.0004622638 0.0000272668
0.0003150031 0.0000272160
-0.0000754520 0.0000271750
-0.0007597208 0.0000271277
-0.0005122274 0.0000270831
-0.0009592548 0.0000270430
-0.0007996708 0.0000269661
-0.0015579909 0.0000267105
-0.0001578182 0.0000265823
0.0008055493 0.0000265001
0.0005058348 0.0000264457
0.0005029291 0.0000263155
-0.0001372173 0.0000262665
0.0004578605 0.0000262269
-0.0009583831 0.0000261815
-0.0002620965 0.0000261283
0.0004603714 0.0000260950
0.0003052875 0.0000260731
-0.0008865297 0.0000260508
-0.0001125708 0.0000260196
0.0004553497 0.0000259986
-0.0010137260 0.0000259858
-0.0002810061 0.0000259569
0.0002345443 0.0000259396
-0.0001115128 0.0000259281
-0.0014315173 0.0000259133
-0.0007502809 0.0000258895
-0.0002572015 0.0000258745
-0.0006184950 0.0000258645
-0.0019495264 0.0000258510
-0.0012764782 0.0000258280
-0.0004155263 0.0000257914
-0.0004902259 0.0000257724
-0.0000428930 0.0000257474
-0.0013657510 0.0000257235
-0.0005075708 0.0000256852
0.0000231564 0.0000256620
-0.0003268644 0.0000256472
0.0007622913 0.0000256215
-0.0013639554 0.0000255843
0.0001281425 0.0000255151
-0.0003430843 0.0000254775
-0.0000407472 0.0000254540
0.0005315393 0.0000254316
-0.0005681440 0.0000254147
-0.0004815683 0.0000253946
0.0000158101 0.0000253760
-0.0005207509 0.0000253666
-0.0002409443 0.0000253534
-0.0010446161 0.0000253313
-0.0010988638 0.0000253109
-0.0009011924 0.0000252860
0.0001691878 0.0000252594
-0.0007064715 0.0000252402
0.0001363233 0.0000252129
-0.0019806623 0.0000251975
-0.0015653446 0.0000251723
-0.0004396141 0.0000251289
-0.0003365874 0.0000250718
-0.0015619323 0.0000249721
-0.0012977049 0.0000248425
-0.0005229488 0.0000247314
0.0007202774 0.0000247169
0.0016663149 0.0000246605
0.0005221069 0.0000245683
0.0011424273 0.0000244771
0.0008522347 0.0000244167
0.0006573126 0.0000243727
-0.0000761375 0.0000243417
-0.0005876124 0.0000243200
-0.0008024052 0.0000242957
-0.0001984015 0.0000242617
0.0006743520 0.0000242337
-0.0003528148 0.0000241966
0.0001519397 0.0000241690
-0.0001397878 0.0000241432
-0.0001392066 0.0000241197
0.0007414743 0.0000240644
0.0007355362 0.0000240175
-0.0003997535 0.0000239715
-0.0002229139 0.0000239377
-0.0004590526 0.0000239095
-0.0007208064 0.0000238565
-0.0000649840 0.0000237989
-0.0006246567 0.0000237748
-0.0003682896 0.0000237396
-0.0005717650 0.0000237076
-0.0007229224 0.0000236905
-0.0015744194 0.0000236410
0.0000488758 0.0000235786
0.0000316501 0.0000235238
0.0000678152 0.0000234204
-0.0010611340 0.0000233423
-0.0010025576 0.0000232835
0.0003870055 0.0000232554
0.0004676059 0.0000232290
0.0000051782 0.0000231905
-0.0003739744 0.0000231140
-0.0002438501 0.0000230655
0.0007995889 0.0000229968
-0.0006750375 0.0000229378
0.0003561527 0.0000228704
0.0000994503 0.0000228460
0.0005340874 0.0000228181
-0.0005353838 0.0000228032
-0.0000670254 0.0000227865
-0.0004455671 0.0000227760
-0.0002003685 0.0000227613
-0.0002621412 0.0000227505
-0.0004411265 0.0000227411
0.0001832247 0.0000227258
-0.0006599054 0.0000227140
-0.0005576834 0.0000226995
-0.0008843765 0.0000226908
-0.0006608292 0.0000226775
0.0002940968 0.0000226595
0.0012684911 0.0000226406
0.0005304739 0.0000226293
0.0006926134 0.0000226155
0.0007761046 0.0000226020
0.0000314862 0.0000225973
0.0002004728 0.0000225862
0.0006694421 0.0000225728
0.0012392849 0.0000225593
0.0002639741 0.0000225487
0.0002874061 0.0000225334
0.0002942160 0.0000225136
-0.0002270117 0.0000224947
-0.0002406612 0.0000224756
0.0000440478 0.0000224582
0.0004176572 0.0000224427
-0.0011398494 0.0000224137
-0.0006323457 0.0000223626
-0.0008980483 0.0000223413
-0.0003397316 0.0000223165
-0.0006110370 0.0000223033
-0.0000557378 0.0000222832
-0.0003278330 0.0000222723
-0.0005963445 0.0000222590
-0.0008646846 0.0000222458
-0.0003850758 0.0000222320
-0.0003124177 0.0000222209
-0.0003814027 0.0000222107
-0.0000729859 0.0000221953
-0.0006967038 0.0000221864
-0.0004266649 0.0000221673
-0.0007694066 0.0000221551
-0.0002728030 0.0000221357
-0.0005537421 0.0000221201
0.0000020191 0.0000220921
-0.0002692789 0.0000220790
0.0002862588 0.0000220587
-0.0005569160 0.0000220234
-0.0004334971 0.0000219841
-0.0007597655 0.0000219693
-0.0009647533 0.0000219544
-0.0007011965 0.0000219396
-0.0007860363 0.0000219276
-0.0009918511 0.0000219149
0.0007405654 0.0000218900
-0.0002337247 0.0000218748
0.0009433255 0.0000218472
0.0004564747 0.0000218261
0.0007682964 0.0000218037
-0.0010856465 0.0000217777
-0.0013758540 0.0000217505
-0.0010766461 0.0000217347
-0.0004672408 0.0000217125
-0.0004498661 0.0000216907
-0.0001457781 0.0000216697
-0.0005119592 0.0000216555
-0.0008144975 0.0000216409
-0.0010895431 0.0000216140
-0.0005337968 0.0000215786
-0.0000526085 0.0000215549
0.0007033423 0.0000215276
0.0001930892 0.0000215141
-0.0001617596 0.0000215020
-0.0004624575 0.0000214893
0.0000021458 0.0000214693
0.0007375404 0.0000214372
0.0002215207 0.0000214236
-0.0001352578 0.0000214100
0.0003133267 0.0000213938
-0.0019354522 0.0000213980
-0.0014693141 0.0000213750
-0.0004384667 0.0000213531
0.0000589341 0.0000213350
-0.0001936033 0.0000213227
-0.0005545244 0.0000213016
-0.0004691780 0.0000212758
-0.0004393682 0.0000212509
0.0005460382 0.0000212178
0.0008205324 0.0000211860
-0.0005408078 0.0000211659
-0.0007023588 0.0000211397
0.0001519471 0.0000211138
-0.0000834689 0.0000210966
0.0008683205 0.0000210680
0.0008443594 0.0000210496
0.0003235191 0.0000210367
-0.0000958294 0.0000210254
-0.0003289580 0.0000210157
0.0006502345 0.0000209981
0.0012536719 0.0000209833
0.0002491623 0.0000209776
0.0001381710 0.0000209676
0.0012197271 0.0000209488
0.0006388351 0.0000209405
0.0003669858 0.0000209307
-0.0007775873 0.0000209214
-0.0005812347 0.0000209026
0.0003449842 0.0000208825
0.0001928806 0.0000208712
0.0012423247 0.0000208520
0.0003879741 0.0000208458
-0.0002036542 0.0000208337
-0.0003517792 0.0000208200
-0.0004183203 0.0000208028
-0.0002064332 0.0000207887
-0.0006834269 0.0000207779
-0.0013977587 0.0000207646
-0.0008050501 0.0000207433
-0.0009894520 0.0000207274
0.0000334233 0.0000207073
-0.0000420585 0.0000206958
-0.0006186888 0.0000206849
-0.0005853921 0.0000206694
-0.0003389865 0.0000206528
-0.0000184327 0.0000206368
-0.0004571527 0.0000206251
-0.0011605844 0.0000206109
-0.0005591214 0.0000205859
-0.0007404760 0.0000205688
-0.0005689114 0.0000205520
0.0007433742 0.0000205285
-0.0000446960 0.0000205166
-0.0000842959 0.0000205017
0.0001361519 0.0000204852
0.0004477575 0.0000204689
0.0000069216 0.0000204557
0.0008216649 0.0000204343
0.0006933063 0.0000204223
-0.0004020631 0.0000204117
-0.0001657158 0.0000203916
-0.0001152009 0.0000203786
-0.0006484017 0.0000203684
0.0000905618 0.0000203486
-0.0000576228 0.0000203325
-0.0003732666 0.0000203106
-0.0002485663 0.0000202815
-0.0005521476 0.0000202657
-0.0004231185 0.0000202480
-0.0009158775 0.0000202238
-0.0001425147 0.0000201890
-0.0002816543 0.0000201710
0.0007784739 0.0000201468
0.0007111952 0.0000201286
-0.0003577173 0.0000201023
-0.0000985563 0.0000200697
-0.0006516501 0.0000200370
-0.0007894412 0.0000199826
-0.0005173683 0.0000199266
-0.0007819906 0.0000199021
-0.0011335984 0.0000198815
-0.0010340884 0.0000198514
-0.0009972677 0.0000198256
-0.0003364086 0.0000198025
0.0008106083 0.0000197782
-0.0000754520 0.0000197687
-0.0003094226 0.0000197343
-0.0010503605 0.0000197013
-0.0010726675 0.0000196779
0.0000820309 0.0000196512
0.0007970482 0.0000196297
0.0000386611 0.0000196151
-0.0003170818 0.0000196012
0.0002287105 0.0000195846
0.0004399344 0.0000195703
-0.0004388615 0.0000195228
-0.0003970191 0.0000194617
0.0004814789 0.0000193944
-0.0003973022 0.0000193710
-0.0007090718 0.0000193303
-0.0001582056 0.0000192842
0.0009234101 0.0000192473
0.0008077770 0.0000192313
0.0010033250 0.0000192178
0.0005207956 0.0000192085
0.0001179501 0.0000191888
-0.0008443519 0.0000191394
-0.0008319393 0.0000190987
0.0001905262 0.0000190716
-0.0000431761 0.0000190405
-0.0001928881 0.0000189991
-0.0010053366 0.0000189529
0.0004469082 0.0000189179
0.0001790449 0.0000188885
-0.0008736476 0.0000188679
-0.0008397922 0.0000188431
0.0001608804 0.0000188169
0.0001551360 0.0000187986
-0.0000292137 0.0000187876
0.0002388582 0.0000187758
-0.0001502782 0.0000187664
-0.0004980713 0.0000187521
-0.0006872937 0.0000187338
0.0003242269 0.0000187103
-0.0001133308 0.0000186892
-0.0002722070 0.0000186676
-0.0003244206 0.0000186552
-0.0001012385 0.0000186444
0.0012525916 0.0000186271
0.0004785284 0.0000186203
0.0010218471 0.0000186059
0.0008267686 0.0000185980
0.0002101883 0.0000185906
-0.0002704188 0.0000185794
-0.0005434901 0.0000185699
-0.0011868849 0.0000185572
-0.0005362630 0.0000185370
-0.0007053837 0.0000185257
-0.0005287603 0.0000185110
-0.0002322495 0.0000184968
0.0011821762 0.0000184776
0.0004199743 0.0000184708
-0.0003957674 0.0000184612
0.0001141056 0.0000184430
-0.0000899658 0.0000184262
0.0009173900 0.0000184055
0.0004680082 0.0000183905
-0.0004531145 0.0000183731
-0.0003564283 0.0000183521
-0.0003596023 0.0000183382
0.0004387051 0.0000183168
0.0001419634 0.0000182939
0.0001734570 0.0000182624
0.0002057999 0.0000182339
-0.0008380786 0.0000181872
-0.0008986890 0.0000181407
-0.0011370033 0.0000181221
-0.0009286553 0.0000181056
0.0004021525 0.0000180834
-0.0003428683 0.0000180709
-0.0003427342 0.0000180543
-0.0008793399 0.0000180414
-0.0013203993 0.0000180263
-0.0005520433 0.0000180040
-0.0003598332 0.0000179899
-0.0001786277 0.0000179492
-0.0003531203 0.0000179136
-0.0000751764 0.0000178649
-0.0003372207 0.0000178462
0.0006225631 0.0000178233
-0.0002500489 0.0000178109
-0.0003124475 0.0000177951
-0.0000983775 0.0000177822
0.0002118200 0.0000177694
0.0005471781 0.0000177486
0.0001086742 0.0000177336
0.0001913533 0.0000177215
-0.0003282204 0.0000177033
0.0004220158 0.0000176819
-0.0005068108 0.0000176639
-0.0000871345 0.0000176366
0.0001584664 0.0000176118
-0.0001515448 0.0000175987
0.0007716194 0.0000175790
-0.0001135841 0.0000175683
-0.0001868233 0.0000175562
0.0000231862 0.0000175422
-0.0004543066 0.0000175318
0.0003301650 0.0000175166
-0.0000695661 0.0000174704
-0.0001152009 0.0000174207
0.0006138533 0.0000173843
0.0004162937 0.0000173720
-0.0001993179 0.0000173601
-0.0001800880 0.0000173438
0.0000609085 0.0000173294
-0.0009051487 0.0000173203
-0.0005630553 0.0000173036
-0.0010083318 0.0000172900
-0.0012359470 0.0000172728
-0.0002480224 0.0000172516
-0.0011165738 0.0000172381
-0.0006473735 0.0000172142
-0.0008623973 0.0000172006
-0.0007074922 0.0000171823
-0.0004223511 0.0000171621
-0.0000876188 0.0000171462
-0.0005211756 0.0000171340
0.0002991855 0.0000171175
-0.0003505424 0.0000171050
-0.0006490573 0.0000170899
-0.0005173683 0.0000170753
-0.0002360791 0.0000170620
0.0000972375 0.0000170482
-0.0003346801 0.0000170350
-0.0002492070 0.0000170212
-0.0004881546 0.0000170030
-0.0003042147 0.0000169787
-0.0002129823 0.0000169572
-0.0002700314 0.0000169384
-0.0003607050 0.0000169059
0.0002872944 0.0000168593
-0.0003704876 0.0000168380
-0.0003588423 0.0000168181
-0.0001190305 0.0000168006
-0.0005858615 0.0000167870
-0.0005135909 0.0000167717
-0.0010387450 0.0000167587
-0.0009864122 0.0000167436
0.0002294704 0.0000167226
0.0002032593 0.0000167101
0.0004293248 0.0000166979
-0.0000349134 0.0000166822
-0.0004588962 0.0000166663
-0.0012112334 0.0000166528
0.0006535798 0.0000166201
0.0002277121 0.0000166012
0.0009483397 0.0000165768
-0.0000246018 0.0000165613
-0.0004910231 0.0000165424
-0.0005547702 0.0000164961
-0.0003952980 0.0000164292
0.0003559142 0.0000163824
-0.0002285689 0.0000163652
-0.0001692772 0.0000163514
-0.0006792396 0.0000163415
0.0000754818 0.0000163257
-0.0000644997 0.0000163067
0.0001248717 0.0000162870
-0.0003552064 0.0000162719
0.0004270375 0.0000162515
0.0002942160 0.0000162403
0.0004849806 0.0000162300
0.0000022799 0.0000162222
0.0000702515 0.0000162126
-0.0001842454 0.0000161913
-0.0000117049 0.0000161664
0.0000717044 0.0000161467
0.0007601008 0.0000161282
0.0001087189 0.0000161174
0.0007512942 0.0000160997
0.0005801842 0.0000160894
-0.0000299215 0.0000160799
0.0006470680 0.0000160647
0.0004850104 0.0000160556
0.0006639808 0.0000160453
-0.0003239512 0.0000160364
0.0000005364 0.0000160210
-0.0004477948 0.0000160099
0.0001090169 0.0000159906
0.0006655157 0.0000159693
0.0005052984 0.0000159524
0.0000886396 0.0000159341
-0.0001480505 0.0000159184
-0.0003368184 0.0000159057
0.0006827265 0.0000158875
-0.0001789033 0.0000158785
-0.0002439991 0.0000158652
-0.0000312924 0.0000158525
0.0002689883 0.0000158325
-0.0001829788 0.0000158148
0.0006225631 0.0000157936
-0.0002936423 0.0000157822
0.0001339316 0.0000157648
0.0003816187 0.0000157489
0.0000713691 0.0000157346
-0.0005801842 0.0000157121
0.0000618100 0.0000156856
-0.0001075938 0.0000156711
0.0000691637 0.0000156572
0.0013842955 0.0000156372
0.0005978346 0.0000156300
0.0000595003 0.0000156218
-0.0002342388 0.0000156147
-0.0001016930 0.0000156069
0.0001793578 0.0000155991
-0.0002738312 0.0000155916
0.0005295351 0.0000155766
0.0003981590 0.0000155701
0.0005873367 0.0000155625
0.0001022518 0.0000155577
0.0001665875 0.0000155480
-0.0003623515 0.0000155391
-0.0003117174 0.0000155309
-0.0000592470 0.0000155227
0.0002576709 0.0000155008
0.0005983040 0.0000154813
0.0001665354 0.0000154706
0.0002509058 0.0000154601
-0.0002700537 0.0000154524
0.0004784316 0.0000154395
0.0009322092 0.0000154283
0.0006701425 0.0000154214
0.0000282750 0.0000154153
-0.0004617497 0.0000154052
-0.0007385910 0.0000153965
-0.0006003007 0.0000153874
-0.0003176853 0.0000153786
-0.0007687137 0.0000153702
-0.0006909296 0.0000153609
-0.0012031645 0.0000153447
-0.0004418269 0.0000153184
-0.0005837455 0.0000153074
-0.0008450598 0.0000152828
-0.0005576313 0.0000152236
-0.0008021072 0.0000151959
0.0001714677 0.0000151649
-0.0004441142 0.0000151493
0.0002647713 0.0000151072
-0.0005800799 0.0000150892
-0.0001389906 0.0000150659
-0.0008176789 0.0000150538
-0.0008138642 0.0000150398
-0.0013599470 0.0000150217
-0.0006301850 0.0000149989
-0.0007783175 0.0000149851
0.0002731383 0.0000149682
0.0009215772 0.0000149546
0.0007050857 0.0000149447
0.0000786632 0.0000149375
0.0000951514 0.0000149292
0.0012810007 0.0000149168
-0.0000380054 0.0000149104
-0.0003012568 0.0000149011
-0.0001391843 0.0000148889
0.0006879047 0.0000148753
0.0000684410 0.0000148692
0.0000870228 0.0000148617
-0.0004570335 0.0000148550
0.0002729222 0.0000148429
0.0001232773 0.0000148342
-0.0004793480 0.0000148267
-0.0005048215 0.0000148037
0.0005655140 0.0000147575
-0.0002831519 0.0000147429
0.0001990870 0.0000147232
0.0004815906 0.0000147076
0.0005365685 0.0000146951
0.0004579872 0.0000146848
0.0000726059 0.0000146769
-0.0006115064 0.0000146689
-0.0006154105 0.0000146604
0.0005542040 0.0000146463
-0.0000043064 0.0000146383
-0.0002690703 0.0000146303
-0.0006206781 0.0000146095
-0.0005098134 0.0000145768
-0.0004657134 0.0000145525
-0.0005514100 0.0000145327
-0.0007128492 0.0000145160
-0.0009190738 0.0000144990
-0.0004021823 0.0000144828
-0.0003076270 0.0000144709
-0.0000400469 0.0000144589
-0.0004962608 0.0000144477
0.0003055856 0.0000144315
-0.0002750382 0.0000144184
-0.0001309142 0.0000144039
-0.0004282296 0.0000143947
-0.0010812283 0.0000143803
-0.0010739118 0.0000143663
-0.0013361573 0.0000143488
-0.0004235208 0.0000143279
-0.0009858012 0.0000143146
-0.0009431019 0.0000142945
0.0002628714 0.0000142732
0.0002348274 0.0000142600
-0.0003248751 0.0000142500
-0.0007842183 0.0000142387
-0.0000307262 0.0000142224
-0.0006342828 0.0000142151
-0.0006098598 0.0000142071
0.0005820915 0.0000141949
0.0000338629 0.0000141837
-0.0007266030 0.0000141742
-0.0002191216 0.0000141603
-0.0000996366 0.0000141517
0.0001765937 0.0000141430
0.0005075186 0.0000141346
0.0000717714 0.0000141265
-0.0003451481 0.0000141166
0.0004425794 0.0000141009
-0.0001532137 0.0000140905
-0.0003911778 0.0000140470
0.0005834624 0.0000140010
-0.0002896264 0.0000139880
0.0001730397 0.0000139705
-0.0000436679 0.0000139617
0.0001153499 0.0000139518
-0.0003795177 0.0000139436
-0.0003168732 0.0000139355
-0.0000602007 0.0000139262
-0.0005215481 0.0000139194
0.0002756491 0.0000139082
0.0001429021 0.0000139012
0.0003317520 0.0000138936
-0.0001526251 0.0000138863
-0.0000863895 0.0000138776
-0.0006137490 0.0000138708
-0.0005622730 0.0000138625
-0.0003099516 0.0000138535
0.0010682270 0.0000138401
0.0002973676 0.0000138341
-0.0005203336 0.0000138254
-0.0013523325 0.0000138092
-0.0008559227 0.0000137870
-0.0005630702 0.0000137673
-0.0005010292 0.0000137505
-0.0008537546 0.0000137403
-0.0007416606 0.0000137294
-0.0004676133 0.0000137192
-0.0009224936 0.0000137102
-0.0001201779 0.0000136963
-0.0002518296 0.0000136851
-0.0005609840 0.0000136708
-0.0004341751 0.0000136537
-0.0007360950 0.0000136405
0.0002233163 0.0000136116
0.0008481741 0.0000135758
0.0006261617 0.0000135625
0.0000141338 0.0000135453
-0.0007478744 0.0000135310
-0.0007785261 0.0000135171
-0.0005545020 0.0000135050
-0.0002409965 0.0000134921
0.0001032576 0.0000134800
-0.0003267527 0.0000134689
0.0004960895 0.0000134530
0.0003703535 0.0000134433
-0.0002238601 0.0000134342
-0.0001962110 0.0000134244
0.0000484139 0.0000134133
-0.0001313910 0.0000133995
-0.0002993345 0.0000133875
-0.0001229197 0.0000133770
-0.0006112829 0.0000133672
-0.0005465522 0.0000133569
-0.0008130893 0.0000133305
0.0001021251 0.0000132978
0.0003251359 0.0000132813
-0.0001476407 0.0000132691
-0.0000775456 0.0000132582
-0.0006041005 0.0000132493
-0.0005527958 0.0000132383
-0.0002997890 0.0000132277
-0.0007621795 0.0000132182
-0.0006885454 0.0000132074
-0.0004282296 0.0000131964
0.0009554029 0.0000131821
0.0001862794 0.0000131735
0.0007326975 0.0000131595
-0.0000096411 0.0000131457
-0.0003544316 0.0000131300
0.0001967326 0.0000131144
-0.0005429164 0.0000130998
-0.0000176057 0.0000130796
0.0001066029 0.0000130670
0.0000817627 0.0000130360
0.0007512197 0.0000129773
-0.0000158846 0.0000129493
-0.0005007759 0.0000129190
-0.0004339442 0.0000129009
-0.0001753643 0.0000128887
-0.0006356686 0.0000128794
0.0001628697 0.0000128667
0.0000310168 0.0000128577
0.0002205223 0.0000128480
-0.0002628118 0.0000128398
0.0005165935 0.0000128267
0.0003796667 0.0000128186
-0.0002178326 0.0000128099
-0.0006918162 0.0000127965
-0.0006984994 0.0000127765
0.0000213683 0.0000127563
-0.0006224588 0.0000127430
0.0000261217 0.0000127258
-0.0001438335 0.0000127152
-0.0004667789 0.0000127042
-0.0003517792 0.0000126891
-0.0003049448 0.0000126760
-0.0003880784 0.0000126643
-0.0011740774 0.0000126381
-0.0005276501 0.0000125886
0.0006876215 0.0000125522
0.0002267659 0.0000125277
-0.0003403202 0.0000125151
-0.0004151687 0.0000124964
-0.0004787222 0.0000124741
0.0001221597 0.0000124554
0.0012328997 0.0000124391
0.0008511916 0.0000124087
0.0004545525 0.0000123921
0.0005096495 0.0000123746
0.0005180761 0.0000123611
0.0001530275 0.0000123521
0.0002609417 0.0000123429
-0.0002512783 0.0000123363
0.0005047470 0.0000123257
0.0003627464 0.0000123189
0.0005489662 0.0000123110
0.0008493960 0.0000123030
0.0004042983 0.0000122967
0.0004839376 0.0000122866
0.0007469356 0.0000122767
0.0002899766 0.0000122678
-0.0001321211 0.0000122587
-0.0003848225 0.0000122494
-0.0002375171 0.0000122408
-0.0007358119 0.0000122307
-0.0006740913 0.0000122201
-0.0004182085 0.0000122065
-0.0008776486 0.0000121920
-0.0000767335 0.0000121730
0.0004107431 0.0000121568
-0.0001772568 0.0000121464
-0.0004874766 0.0000121362
0.0004329234 0.0000121222
0.0009970069 0.0000121103
0.0007612184 0.0000121020
-0.0003698766 0.0000120917
-0.0001620650 0.0000120768
-0.0001178384 0.0000120673
0.0001330450 0.0000120580
-0.0003281087 0.0000120493
-0.0005664453 0.0000120390
-0.0007555261 0.0000120282
-0.0005855709 0.0000120141
-0.0002914295 0.0000120021
0.0000461638 0.0000119895
-0.0003861859 0.0000119785
0.0004344136 0.0000119650
0.0003083199 0.0000119566
-0.0002853200 0.0000119494
-0.0010383949 0.0000119397
-0.0004784688 0.0000119253
-0.0006702617 0.0000119161
-0.0012867153 0.0000119073
-0.0006161630 0.0000118940
-0.0002122968 0.0000118819
-0.0004855543 0.0000118738
-0.0003456399 0.0000118655
-0.0000619739 0.0000118564
0.0002716556 0.0000118478
-0.0001622364 0.0000118407
-0.0000784323 0.0000118327
0.0011614263 0.0000118215
0.0003562942 0.0000118140
0.0003107190 0.0000118058
-0.0002554655 0.0000117976
-0.0002176836 0.0000117878
0.0000305548 0.0000117785
-0.0004331544 0.0000117679
0.0003610626 0.0000117550
0.0002051890 0.0000117333
0.0003824309 0.0000117178
-0.0001081079 0.0000117058
0.0006620958 0.0000116878
-0.0002617314 0.0000116793
-0.0003482103 0.0000116697
-0.0001435578 0.0000116610
-0.0006214455 0.0000116524
-0.0005526394 0.0000116430
-0.0002935603 0.0000116337
0.0000318289 0.0000116251
-0.0004044473 0.0000116165
0.0004132092 0.0000116035
-0.0004972816 0.0000115951
-0.0006236732 0.0000115725
-0.0004643127 0.0000115519
0.0008371174 0.0000115308
0.0000471473 0.0000115222
0.0005778968 0.0000115088
0.0003779158 0.0000115003
0.0005428270 0.0000114924
0.0000504106 0.0000114855
0.0008218810 0.0000114740
0.0000773594 0.0000114583
-0.0004049316 0.0000114335
0.0003744438 0.0000114074
0.0002379566 0.0000113955
-0.0000811368 0.0000113807
0.0007863864 0.0000113631
0.0002126545 0.0000113543
-0.0002486631 0.0000113424
0.0005074963 0.0000113236
0.0007254407 0.0000113068
0.0009455010 0.0000112904
0.0001849085 0.0000112814
0.0007381737 0.0000112694
-0.0002399683 0.0000112622
-0.0003469810 0.0000112501
-0.0001507550 0.0000112379
0.0001529232 0.0000112278
-0.0002443492 0.0000112080
-0.0001471564 0.0000111951
-0.0003778115 0.0000111834
-0.0005643815 0.0000111734
0.0004561990 0.0000111609
0.0010847151 0.0000111496
0.0002765134 0.0000111405
-0.0001081899 0.0000111296
-0.0002228618 0.0000111199
-0.0000274777 0.0000111105
0.0002756938 0.0000111005
-0.0001688078 0.0000110923
-0.0000886098 0.0000110836
0.0011486560 0.0000110724
0.0011276081 0.0000110648
0.0000707731 0.0000110574
-0.0004113019 0.0000110454
-0.0007419586 0.0000110285
-0.0003780201 0.0000110169
-0.0008011162 0.0000110061
-0.0007135794 0.0000109919
0.0005296320 0.0000109766
0.0000072643 0.0000109607
-0.0002444834 0.0000109497
-0.0005967021 0.0000109409
-0.0005069301 0.0000109295
-0.0004761517 0.0000109190
-0.0005689785 0.0000109088
-0.0007341430 0.0000108976
-0.0001930594 0.0000108856
-0.0000933409 0.0000108764
0.0001759008 0.0000108681
-0.0002785549 0.0000108595
-0.0002014339 0.0000108502
0.0010331795 0.0000108382
0.0002266318 0.0000108324
0.0001807511 0.0000108252
-0.0003853440 0.0000108182
-0.0003474951 0.0000108088
0.0008545220 0.0000107965
0.0003028587 0.0000107879
0.0000388175 0.0000107783
0.0001815334 0.0000107695
0.0004663318 0.0000107615
0.0000155494 0.0000107537
0.0000934228 0.0000107455
-0.0004292354 0.0000107373
-0.0003761500 0.0000107271
-0.0001228750 0.0000107176
0.0001172647 0.0000106908
0.0014840886 0.0000106645
0.0014956966 0.0000106532
0.0009498224 0.0000106464
0.0002094954 0.0000106404
-0.0003133267 0.0000106320
0.0003871918 0.0000106206
-0.0002288744 0.0000106130
0.0004417077 0.0000106010
0.0002773553 0.0000105935
0.0004550740 0.0000105851
-0.0000333712 0.0000105776
-0.0004651174 0.0000105657
0.0003137663 0.0000105479
-0.0002828687 0.0000105383
-0.0002559647 0.0000105285
-0.0000117347 0.0000105177
0.0013581142 0.0000105036
0.0005855411 0.0000104966
0.0005508065 0.0000104887
0.0007733703 0.0000104811
0.0003006533 0.0000104755
-0.0004050732 0.0000104641
-0.0004148930 0.0000104519
-0.0001836494 0.0000104415
-0.0006333962 0.0000104242
0.0001726970 0.0000104041
-0.0004775301 0.0000103916
-0.0007741079 0.0000103790
-0.0006429553 0.0000103672
-0.0003627837 0.0000103561
-0.0008152500 0.0000103467
-0.0000118837 0.0000103344
-0.0001429915 0.0000103256
-0.0007389337 0.0000103181
-0.0007119104 0.0000103075
0.0004816130 0.0000102946
-0.0003335029 0.0000102858
-0.0011633635 0.0000102730
-0.0006669313 0.0000102571
-0.0003751591 0.0000102427
0.0004348084 0.0000102300
-0.0001882240 0.0000102216
-0.0001712814 0.0000102119
0.0000695959 0.0000102026
-0.0003965199 0.0000101946
-0.0011089444 0.0000101849
-0.0005168840 0.0000101708
-0.0001635849 0.0000101577
-0.0004483610 0.0000101475
-0.0003131554 0.0000101379
-0.0000315607 0.0000101288
0.0003010407 0.0000101198
-0.0001332760 0.0000101125
-0.0000503957 0.0000101048
-0.0005718321 0.0000100974
0.0001753718 0.0000100862
0.0000299662 0.0000100783
0.0002135932 0.0000100700
0.0000654459 0.0000100550
0.0003409013 0.0000100313
0.0000763535 0.0000100203
0.0002186596 0.0000100109
0.0005016252 0.0000099984
0.0000494346 0.0000099888
-0.0003692955 0.0000099771
-0.0006185770 0.0000099657
0.0003497228 0.0000099522
0.0002604946 0.0000099436
0.0000672862 0.0000099328
0.0002885088 0.0000099187
0.0000101477 0.0000099102
0.0001468360 0.0000098987
-0.0000711083 0.0000098859
-0.0002535060 0.0000098761
-0.0008584708 0.0000098617
-0.0001780540 0.0000098425
-0.0003397539 0.0000098313
0.0006997362 0.0000098185
0.0006284118 0.0000098104
0.0000533387 0.0000098039
0.0000873059 0.0000097955
-0.0004511923 0.0000097869
-0.0004044399 0.0000097772
-0.0001537576 0.0000097670
-0.0003132820 0.0000097524
-0.0000669286 0.0000097362
-0.0003387034 0.0000097257
-0.0001986846 0.0000097151
-0.0006992072 0.0000097051
-0.0006391779 0.0000096930
-0.0003842339 0.0000096814
0.0009948239 0.0000096683
0.0002250150 0.0000096606
-0.0003097132 0.0000096479
-0.0003688708 0.0000096332
-0.0004342645 0.0000096201
-0.0005841330 0.0000096072
-0.0000344664 0.0000095938
0.0000665337 0.0000095845
-0.0001051128 0.0000095749
-0.0002710372 0.0000095661
0.0007645935 0.0000095541
0.0006927252 0.0000095459
0.0001174957 0.0000095390
0.0001513064 0.0000095316
-0.0003874674 0.0000095250
0.0003451556 0.0000095149
0.0001960322 0.0000095079
0.0003782287 0.0000095004
-0.0001084581 0.0000094937
-0.0000439212 0.0000094845
0.0002134219 0.0000094753
-0.0002463236 0.0000094661
-0.0004850924 0.0000094552
-0.0003039762 0.0000094420
-0.0002152100 0.0000094301
-0.0002740920 0.0000094194
0.0003283769 0.0000094085
-0.0003422126 0.0000094005
0.0002848953 0.0000093866
-0.0006743446 0.0000093765
-0.0002817437 0.0000093609
-0.0005167350 0.0000093518
-0.0003643557 0.0000093427
-0.0000773966 0.0000093340
0.0002568364 0.0000093255
-0.0019881055 0.0000093206
-0.0010801405 0.0000093065
0.0001517013 0.0000092932
-0.0006770790 0.0000092852
-0.0002088547 0.0000092730
-0.0006555095 0.0000092660
0.0001215190 0.0000092564
-0.0002509728 0.0000092465
-0.0007120818 0.0000092387
-0.0004461333 0.0000092285
-0.0009856224 0.0000092208
-0.0010106787 0.0000092096
0.0003530160 0.0000091913
-0.0000835583 0.0000091832
0.0002020597 0.0000091735
-0.0005073324 0.0000091671
-0.0004435033 0.0000091563
-0.0001895949 0.0000091437
0.0001553968 0.0000091303
-0.0005754009 0.0000091197
-0.0004939213 0.0000090960
-0.0002277270 0.0000090783
-0.0005829930 0.0000090683
0.0005164891 0.0000090559
0.0000130832 0.0000090494
-0.0003178418 0.0000090432
-0.0009673610 0.0000090357
-0.0003546625 0.0000090249
-0.0005897358 0.0000090186
-0.0006828681 0.0000090109
-0.0001174212 0.0000090023
0.0004597455 0.0000089938
0.0000015944 0.0000089876
-0.0003151670 0.0000089810
-0.0008648932 0.0000089670
0.0001995191 0.0000089219
-0.0005338192 0.0000089009
-0.0000417754 0.0000088639
-0.0006984845 0.0000088511
-0.0000912026 0.0000088374
-0.0005019978 0.0000088311
-0.0009753779 0.0000088248
-0.0012953728 0.0000088164
-0.0001663268 0.0000088057
-0.0006615669 0.0000087993
0.0000771433 0.0000087903
-0.0001250505 0.0000087849
-0.0002060607 0.0000087798
-0.0005651638 0.0000087757
-0.0008458123 0.0000087702
0.0003138706 0.0000087609
-0.0001741201 0.0000087562
0.0005703419 0.0000087497
-0.0001538172 0.0000087464
-0.0004167482 0.0000087411
-0.0008394644 0.0000087361
-0.0005416945 0.0000087297
-0.0012475923 0.0000087243
-0.0006803572 0.0000087153
-0.0000502467 0.0000087062
0.0004368275 0.0000086960
-0.0000441521 0.0000086885
0.0007057413 0.0000086796
-0.0000163540 0.0000086751
-0.0002788901 0.0000086705
-0.0007178709 0.0000086599
-0.0012022406 0.0000086513
-0.0004558787 0.0000086404
0.0002898052 0.0000086311
0.0003491268 0.0000086242
0.0005031303 0.0000086177
0.0007906854 0.0000086111
0.0000384822 0.0000086066
-0.0003788844 0.0000086006
-0.0005352572 0.0000085945
-0.0000206605 0.0000085860
0.0005240142 0.0000085783
-0.0002885684 0.0000085728
-0.0005825758 0.0000085666
-0.0001805723 0.0000085591
0.0002835318 0.0000085485
-0.0002046227 0.0000085414
-0.0005303621 0.0000085347
-0.0006542131 0.0000085282
-0.0001139343 0.0000085201
-0.0000520647 0.0000085131
0.0001034439 0.0000085068
-0.0004525259 0.0000085015
-0.0009773299 0.0000084953
-0.0007624030 0.0000084866
-0.0009097010 0.0000084791
-0.0008775592 0.0000084691
-0.0006612614 0.0000084595
-0.0004150271 0.0000084506
-0.0000732988 0.0000084425
0.0002473071 0.0000084350
-0.0002701059 0.0000084295
0.0004499927 0.0000084217
0.0002421513 0.0000084163
-0.0003646240 0.0000084112
-0.0009067655 0.0000084062
-0.0014236867 0.0000084000
-0.0017553642 0.0000083901
-0.0006366596 0.0000083781
-0.0002032071 0.0000083686
0.0001715794 0.0000083610
0.0005894750 0.0000083545
0.0004566312 0.0000083488
0.0004975647 0.0000083415
-0.0004329458 0.0000083357
0.0001967624 0.0000083250
-0.0002502501 0.0000083193
0.0007745326 0.0000083112
0.0002509877 0.0000083053
0.0004660785 0.0000082973
0.0003199577 0.0000082897
0.0003532320 0.0000082816
0.0005691871 0.0000082734
0.0003165677 0.0000082667
0.0002864897 0.0000082603
-0.0003121719 0.0000082559
-0.0008520111 0.0000082509
-0.0001500621 0.0000082434
-0.0003620982 0.0000082382
-0.0009694174 0.0000082320
-0.0003207996 0.0000082222
-0.0007209405 0.0000082155
-0.0004028156 0.0000082052
-0.0004831627 0.0000081955
-0.0004116148 0.0000081855
-0.0001727790 0.0000081766
0.0000873506 0.0000081685
-0.0004436299 0.0000081627
0.0002693087 0.0000081524
-0.0001150221 0.0000081464
-0.0005799979 0.0000081411
-0.0010726228 0.0000081337
-0.0003333390 0.0000081238
0.0004070550 0.0000081152
-0.0002397746 0.0000081099
-0.0001246482 0.0000081028
0.0001632497 0.0000080958
0.0005292818 0.0000080892
0.0008636937 0.0000080835
-0.0001341179 0.0000080763
-0.0001361221 0.0000080504
-0.0003363937 0.0000080397
0.0001419187 0.0000080290
0.0001641214 0.0000080207
-0.0002036095 0.0000080140
-0.0003015026 0.0000080071
-0.0001631230 0.0000080008
0.0000373721 0.0000079942
-0.0005082712 0.0000079886
0.0001890734 0.0000079810
-0.0005470291 0.0000079758
0.0002427846 0.0000079681
-0.0003383979 0.0000079632
-0.0001698136 0.0000079566
-0.0003469884 0.0000079498
-0.0003328696 0.0000079431
-0.0007456392 0.0000079379
-0.0009004176 0.0000079315
-0.0003850907 0.0000079237
-0.0003383011 0.0000079158
-0.0001922697 0.0000079081
-0.0007497370 0.0000079022
-0.0000619516 0.0000078929
-0.0004524887 0.0000078872
-0.0001295060 0.0000078800
0.0002921894 0.0000078731
-0.0002026036 0.0000078668
0.0005354062 0.0000078583
0.0001572222 0.0000078531
0.0004923046 0.0000078461
0.0004216433 0.0000078401
-0.0000002235 0.0000078345
-0.0001307949 0.0000078285
-0.0007465705 0.0000078212
-0.0006991699 0.0000078108
-0.0000196025 0.0000078004
0.0001324415 0.0000077918
-0.0001583323 0.0000077842
-0.0002107471 0.0000077767
-0.0006393120 0.0000077710
-0.0007996187 0.0000077646
-0.0011861548 0.0000077580
-0.0003593490 0.0000077479
-0.0005393028 0.0000077417
-0.0006133392 0.0000077355
-0.0009691939 0.0000077294
-0.0014206991 0.0000077215
-0.0006351992 0.0000077066
0.0001348704 0.0000076948
0.0007081255 0.0000076855
-0.0000982136 0.0000076804
-0.0003904328 0.0000076751
-0.0006481856 0.0000076704
0.0005307049 0.0000076632
0.0002222285 0.0000076593
-0.0004187524 0.0000076552
-0.0002833754 0.0000076447
0.0000356138 0.0000076308
-0.0004820004 0.0000076241
-0.0009934381 0.0000076169
-0.0002686530 0.0000076080
-0.0004747957 0.0000076017
-0.0005574003 0.0000075950
-0.0007420182 0.0000075883
0.0004961565 0.0000075797
0.0001376197 0.0000075710
-0.0006404743 0.0000075568
-0.0001311749 0.0000075415
-0.0003913790 0.0000075342
0.0007854551 0.0000075250
0.0003016368 0.0000075202
-0.0001975521 0.0000075162
-0.0007019714 0.0000075116
-0.0010331348 0.0000075060
-0.0011594296 0.0000074989
-0.0006207600 0.0000074913
-0.0005598590 0.0000074845
-0.0004052743 0.0000074784
-0.0009607077 0.0000074724
-0.0002694651 0.0000074637
-0.0004839525 0.0000074578
-0.0005695373 0.0000074520
-0.0009300187 0.0000074467
-0.0005819425 0.0000074403
-0.0001444668 0.0000074337
-0.0006345883 0.0000074285
-0.0003920048 0.0000074215
-0.0000223443 0.0000074149
-0.0003528446 0.0000074104
-0.0004789680 0.0000074051
-0.0008537620 0.0000073999
-0.0005164668 0.0000073924
-0.0000853464 0.0000073847
-0.0005779639 0.0000073780
-0.0009050220 0.0000073721
-0.0010298863 0.0000073655
-0.0004896075 0.0000073574
0.0000717044 0.0000073498
0.0005992427 0.0000073428
0.0005305260 0.0000073376
-0.0003043339 0.0000073339
-0.0003419518 0.0000073282
-0.0001523271 0.0000073226
-0.0007001609 0.0000073186
-0.0005043671 0.0000073124
-0.0006638169 0.0000073057
-0.0006387383 0.0000072979
-0.0004268438 0.0000072899
-0.0001830012 0.0000072829
0.0001569986 0.0000072763
0.0004764423 0.0000072707
-0.0003882349 0.0000072659
0.0002962574 0.0000072582
-0.0003119260 0.0000072537
-0.0008544549 0.0000072487
-0.0001516268 0.0000072396
-0.0008554384 0.0000072291
-0.0011115968 0.0000072215
-0.0013566017 0.0000072146
-0.0001675710 0.0000072058
-0.0006484613 0.0000071996
-0.0009717643 0.0000071929
-0.0009207353 0.0000071841
-0.0009143278 0.0000071754
-0.0002682358 0.0000071667
0.0003609955 0.0000071590
-0.0004325137 0.0000071543
-0.0007194355 0.0000071488
0.0001873747 0.0000071418
-0.0004955530 0.0000071377
-0.0007445961 0.0000071325
-0.0011626557 0.0000071272
-0.0003617704 0.0000071201
-0.0010715798 0.0000071156
-0.0013293922 0.0000071105
-0.0008975491 0.0000071038
-0.0009058192 0.0000070968
-0.0007921383 0.0000070905
-0.0000296533 0.0000070838
-0.0004443824 0.0000070795
-0.0001406372 0.0000070734
-0.0002302825 0.0000070678
-0.0001642555 0.0000070622
-0.0007406995 0.0000070577
-0.0000694692 0.0000070512
-0.0008115917 0.0000070467
-0.0010811985 0.0000070415
-0.0013308376 0.0000070359
-0.0001460388 0.0000070285
-0.0006278232 0.0000070243
-0.0009520203 0.0000070196
0.0001728982 0.0000070127
-0.0001644790 0.0000070060
-0.0003205910 0.0000069966
-0.0005310625 0.0000069900
-0.0006161928 0.0000069834
0.0004549250 0.0000069755
-0.0001864284 0.0000069713
-0.0004213080 0.0000069667
-0.0006586164 0.0000069612
0.0005365089 0.0000069540
-0.0002902374 0.0000069498
-0.0005624443 0.0000069421
0.0004714429 0.0000069213
0.0014012679 0.0000069064
0.0004499629 0.0000069016
0.0001066700 0.0000068969
-0.0001689345 0.0000068930
-0.0002754480 0.0000068888
0.0002785102 0.0000068834
-0.0001876205 0.0000068797
-0.0003608316 0.0000068756
-0.0006523728 0.0000068673
0.0001772121 0.0000068433
-0.0002189875 0.0000068347
-0.0003675818 0.0000068282
0.0001530126 0.0000068213
-0.0003217086 0.0000068168
-0.0004973114 0.0000068121
-0.0007138401 0.0000068071
0.0004980043 0.0000067992
0.0009917170 0.0000067934
0.0002875924 0.0000067898
0.0002930015 0.0000067851
-0.0000356957 0.0000067814
-0.0004806668 0.0000067775
-0.0002019405 0.0000067721
-0.0003329590 0.0000067654
-0.0005342290 0.0000067595
-0.0006148815 0.0000067535
-0.0000393167 0.0000067472
-0.0006750003 0.0000067426
-0.0010520741 0.0000067377
0.0000297427 0.0000067307
-0.0004779175 0.0000067261
0.0002503544 0.0000067196
-0.0004776642 0.0000067151
-0.0005668104 0.0000067099
-0.0006087497 0.0000067042
-0.0000016540 0.0000066981
-0.0004550070 0.0000066932
0.0005608797 0.0000066839
0.0009284914 0.0000066771
0.0001950637 0.0000066740
-0.0003913492 0.0000066704
-0.0007516593 0.0000066662
-0.0008831248 0.0000066597
-0.0010768101 0.0000066518
-0.0011355802 0.0000066425
-0.0004602149 0.0000066241
-0.0008956045 0.0000066157
-0.0010576993 0.0000066088
-0.0005485937 0.0000066015
-0.0010258928 0.0000065958
-0.0010275990 0.0000065889
0.0003589094 0.0000065811
-0.0000711605 0.0000065764
-0.0003771409 0.0000065717
-0.0004945323 0.0000065663
-0.0008661076 0.0000065617
-0.0000282973 0.0000065556
-0.0003806725 0.0000065521
-0.0008338243 0.0000065487
-0.0013219342 0.0000065447
-0.0010767803 0.0000065384
-0.0007041097 0.0000065317
-0.0012087151 0.0000065263
-0.0004782677 0.0000065187
-0.0008577034 0.0000065139
-0.0005244091 0.0000065072
-0.0000965074 0.0000065012
0.0003522784 0.0000064959
0.0002371222 0.0000064915
-0.0000282526 0.0000064866
-0.0004515871 0.0000064825
-0.0001548454 0.0000064769
-0.0006856471 0.0000064726
0.0002706423 0.0000064661
0.0005993843 0.0000064613
0.0004130304 0.0000064576
0.0004216135 0.0000064540
-0.0001680627 0.0000064513
0.0004929155 0.0000064465
0.0002703443 0.0000064434
-0.0003407970 0.0000064397
0.0003028437 0.0000064343
-0.0000994503 0.0000064301
-0.0003956333 0.0000064264
-0.0005092174 0.0000064224
0.0000387281 0.0000064168
-0.0004291013 0.0000064128
-0.0006029382 0.0000064085
-0.0008196607 0.0000064041
0.0003924444 0.0000063983
-0.0004300103 0.0000063951
0.0002890974 0.0000063894
0.0004653782 0.0000063848
0.0001889095 0.0000063806
0.0001447499 0.0000063762
0.0008131042 0.0000063702
0.0003764704 0.0000063663
-0.0001069903 0.0000063627
0.0001454577 0.0000063557
-0.0003955886 0.0000063504
-0.0005954579 0.0000063424
0.0003818944 0.0000063340
0.0000636280 0.0000063282
-0.0003780276 0.0000063238
-0.0008628890 0.0000063197
-0.0011864156 0.0000063140
-0.0000616610 0.0000063067
-0.0005584806 0.0000063025
-0.0004826114 0.0000062969
0.0002199337 0.0000062908
-0.0002084821 0.0000062874
-0.0003688484 0.0000062832
0.0001414791 0.0000062782
-0.0003354028 0.0000062752
-0.0005127490 0.0000062712
-0.0007304847 0.0000062676
-0.0008175001 0.0000062632
-0.0002472624 0.0000062581
0.0003331006 0.0000062530
-0.0004653782 0.0000062474
0.0002733395 0.0000062405
-0.0003212243 0.0000062369
-0.0006841421 0.0000062327
-0.0008212253 0.0000062284
-0.0010252371 0.0000062231
0.0001967326 0.0000062160
-0.0001006499 0.0000062121
-0.0002148896 0.0000062081
-0.0004107952 0.0000062040
-0.0004902780 0.0000061995
0.0005852059 0.0000061935
-0.0000554547 0.0000061902
-0.0002897382 0.0000061865
0.0001606345 0.0000061815
-0.0003318116 0.0000061783
-0.0005143285 0.0000061746
-0.0009095743 0.0000061707
-0.0005897582 0.0000061653
-0.0006697848 0.0000061600
-0.0005984232 0.0000061543
-0.0003595799 0.0000061486
-0.0000996515 0.0000061427
-0.0006308705 0.0000061384
-0.0009718761 0.0000061334
-0.0011016503 0.0000061283
-0.0000669956 0.0000061207
0.0008630008 0.0000061139
0.0004353896 0.0000061106
-0.0002474859 0.0000061074
-0.0001617074 0.0000061022
-0.0003920794 0.0000060972
-0.0004090443 0.0000060910
0.0002760366 0.0000060840
-0.0005038977 0.0000060802
0.0002491474 0.0000060742
-0.0001667291 0.0000060700
-0.0003229231 0.0000060654
-0.0005335286 0.0000060615
-0.0011234805 0.0000060536
-0.0003940836 0.0000060351
-0.0005993322 0.0000060275
-0.0012047812 0.0000060212
-0.0005568787 0.0000060131
-0.0009580255 0.0000060078
-0.0001441389 0.0000060013
-0.0005029812 0.0000059971
-0.0001528487 0.0000059911
-0.0006702691 0.0000059866
0.0002966225 0.0000059807
-0.0002419725 0.0000059755
-0.0007598773 0.0000059706
-0.0006898120 0.0000059645
0.0000077114 0.0000059580
-0.0004219636 0.0000059537
-0.0005827770 0.0000059488
-0.0000727773 0.0000059428
0.0004679188 0.0000059374
0.0000015572 0.0000059331
0.0002632439 0.0000059276
-0.0002767444 0.0000059239
-0.0004760623 0.0000059195
0.0000023693 0.0000059142
0.0000247732 0.0000059088
-0.0002078414 0.0000059044
-0.0006200075 0.0000059003
-0.0003140792 0.0000058941
0.0000963211 0.0000058885
-0.0004001707 0.0000058845
-0.0009041727 0.0000058803
-0.0001743510 0.0000058742
-0.0003792569 0.0000058704
-0.0004618913 0.0000058662
-0.0008215681 0.0000058623
0.0000262335 0.0000058564
-0.0006714314 0.0000058526
-0.0009217709 0.0000058464
-0.0004630461 0.0000058324
-0.0004470795 0.0000058185
-0.0003184825 0.0000058074
0.0004524365 0.0000057977
0.0000396967 0.0000057930
-0.0004348308 0.0000057888
-0.0007564351 0.0000057842
-0.0007043555 0.0000057793
-0.0006970838 0.0000057742
-0.0000508651 0.0000057688
-0.0004936457 0.0000057651
-0.0006571785 0.0000057598
-0.0008663908 0.0000057532
-0.0009496212 0.0000057465
-0.0003719106 0.0000057368
0.0002128556 0.0000057290
-0.0002429262 0.0000057245
0.0005257800 0.0000057187
0.0001558810 0.0000057151
-0.0003039464 0.0000057112
-0.0006197467 0.0000057065
-0.0007407516 0.0000057020
-0.0009389669 0.0000056963
-0.0008444190 0.0000056896
-0.0013447776 0.0000056841
-0.0006116405 0.0000056765
0.0001244619 0.0000056699
0.0006776005 0.0000056641
0.0003896728 0.0000056607
-0.0002447888 0.0000056574
-0.0001196414 0.0000056526
-0.0001835227 0.0000056386
-0.0004369095 0.0000056174
-0.0004656091 0.0000056019
-0.0002864525 0.0000055912
-0.0000619739 0.0000055832
0.0002667308 0.0000055771
0.0000807941 0.0000055721
0.0000909194 0.0000055662
-0.0003232583 0.0000055627
-0.0007780269 0.0000055530
-0.0009475425 0.0000055452
0.0000611246 0.0000055347
-0.0002484471 0.0000055293
0.0001406595 0.0000055234
-0.0003671572 0.0000055199
-0.0005548596 0.0000055161
-0.0009513050 0.0000055119
-0.0008395240 0.0000055069
-0.0001077279 0.0000055016
-0.0005282983 0.0000054978
-0.0006859228 0.0000054934
-0.0001732484 0.0000054884
0.0003694817 0.0000054839
-0.0004339218 0.0000054788
-0.0005551279 0.0000054734
-0.0006186664 0.0000054667
