-0.7464260459 2.4736471176
-0.7019052505 2.0350205898
-0.6396117806 1.6970833540
-0.5718603730 1.4179136753
-0.4993804097 1.1870925426
-0.4286870956 0.9891176820
-0.3625197411 0.8180074692
-0.2932652235 0.6762341857
-0.2212499231 0.5587063432
-0.1421715319 0.4638790488
-0.0859323665 0.3803375661
-0.0419824868 0.3097219765
-0.0149664208 0.2508006394
-0.0112382174 0.2031540424
-0.0047449693 0.1650055796
0.0102688596 0.1343329698
0.0197170526 0.1096796617
0.0035355240 0.0904987976
0.0123800412 0.0751163214
0.0334202051 0.0624166839
0.0389206335 0.0520251244
0.0328346267 0.0435267314
0.0118538961 0.0368910991
-0.0088402927 0.0315409452
-0.0018204004 0.0269701965
0.0073590055 0.0230395906
0.0122549757 0.0198335368
-0.0018043295 0.0174658149
-0.0141146928 0.0155545501
-0.0345131829 0.0140175577
-0.0115590692 0.0126650585
0.0036929622 0.0114829307
0.0050932243 0.0103911376
0.0077682659 0.0092764534
0.0102231875 0.0082652941
-0.0109735131 0.0075968108
-0.0100134090 0.0069119562
-0.0039701536 0.0062516951
-0.0002603233 0.0055925455
-0.0035264865 0.0050587594
-0.0008886606 0.0046532708
0.0104466900 0.0043380945
0.0102819130 0.0040454743
0.0068845376 0.0038087578
-0.0055347085 0.0036419665
-0.0023308024 0.0034039123
0.0009188727 0.0031923535
0.0054394454 0.0030115633
0.0062587187 0.0028218857
0.0138950422 0.0026687831
0.0147927105 0.0025202432
0.0024561584 0.0023890624
-0.0004616752 0.0022868994
0.0004246682 0.0022031281
0.0078274980 0.0021107041
0.0067717880 0.0020133220
-0.0005573183 0.0019246729
-0.0010281429 0.0018311813
0.0027169660 0.0017452247
0.0080770552 0.0016787406
-0.0005491301 0.0016523903
-0.0074114949 0.0016119020
0.0014665648 0.0015867084
0.0016877279 0.0015128274
0.0030068159 0.0014119094
0.0038333833 0.0013250621
0.0013739318 0.0012616428
-0.0001615658 0.0012110602
-0.0007082224 0.0011575548
-0.0059247389 0.0011349246
-0.0059408769 0.0010892242
-0.0066757277 0.0010122850
-0.0054525062 0.0009482112
-0.0080955774 0.0009026926
-0.0068842247 0.0008695415
-0.0048067272 0.0008506251
-0.0022618175 0.0008090403
-0.0042339638 0.0007676465
-0.0051048845 0.0007345898
-0.0061822683 0.0007251810
-0.0013417453 0.0007170996
-0.0013168529 0.0007059708
-0.0012158453 0.0006853397
0.0019812509 0.0006654693
0.0030108318 0.0006461295
-0.0046046004 0.0006415922
-0.0039548278 0.0006349083
-0.0032321811 0.0006241886
-0.0035060346 0.0006135283
0.0006440654 0.0006001024
0.0024124533 0.0005889788
0.0015699044 0.0005798975
0.0014217645 0.0005714145
0.0010102764 0.0005584796
0.0039674640 0.0005449132
0.0065095350 0.0005291589
0.0060178712 0.0005207910
0.0070776790 0.0005160121
0.0025901943 0.0005122952
0.0051128343 0.0005018205
0.0015853792 0.0004880589
0.0010302886 0.0004699336
0.0041444302 0.0004559714
-0.0042049140 0.0004457312
-0.0031887963 0.0004350150
0.0006705746 0.0004225587
-0.0023049489 0.0004117477
-0.0023273155 0.0003990039
-0.0030764639 0.0003876346
0.0031701252 0.0003790953
0.0031100810 0.0003757532
0.0010545552 0.0003725386
-0.0003865957 0.0003650256
0.0024494752 0.0003584776
0.0029210895 0.0003545677
0.0022203699 0.0003500388
0.0032048374 0.0003463433
-0.0083700418 0.0003431480
-0.0003557131 0.0003387797
-0.0021345913 0.0003346864
-0.0020470172 0.0003320635
-0.0023193806 0.0003273955
-0.0030676201 0.0003197839
0.0004144534 0.0003132045
0.0004659444 0.0003102484
-0.0043681785 0.0003085291
-0.0001081675 0.0003048442
-0.0028128475 0.0003000905
0.0016368702 0.0002950061
-0.0003087670 0.0002897594
-0.0018146038 0.0002801610
-0.0050927103 0.0002727022
-0.0040064454 0.0002697439
-0.0029535219 0.0002648456
-0.0004681125 0.0002622919
-0.0016658977 0.0002597327
0.0004030988 0.0002581025
0.0032378659 0.0002542101
0.0042985380 0.0002475616
0.0049648732 0.0002398086
0.0022974014 0.0002344673
0.0026094466 0.0002322160
0.0036266223 0.0002295498
0.0008313954 0.0002284726
0.0001475736 0.0002271850
-0.0012339503 0.0002259235
-0.0002945587 0.0002243518
-0.0004209504 0.0002203926
0.0001083091 0.0002174826
-0.0030455738 0.0002152168
-0.0001962185 0.0002105802
0.0004069582 0.0002050263
-0.0002343878 0.0002005645
-0.0016275048 0.0001959913
-0.0042755902 0.0001896773
-0.0029852837 0.0001847495
-0.0011682659 0.0001809097
0.0006985962 0.0001769000
0.0004811436 0.0001736441
-0.0018113777 0.0001710303
-0.0015385821 0.0001688906
0.0023934171 0.0001660157
0.0012370870 0.0001627859
0.0009387508 0.0001584004
-0.0010046512 0.0001520490
0.0004792213 0.0001500405
-0.0011687726 0.0001489971
-0.0014113858 0.0001482130
0.0007019639 0.0001474822
0.0037092566 0.0001459570
0.0005786717 0.0001442467
0.0002710745 0.0001430063
0.0020248741 0.0001402270
0.0019179210 0.0001366938
-0.0004292727 0.0001343486
0.0021406114 0.0001326546
0.0021101758 0.0001320098
0.0029274970 0.0001310475
0.0040651858 0.0001302493
0.0014387071 0.0001292192
0.0032221749 0.0001282093
0.0056733340 0.0001264586
0.0058044791 0.0001255020
0.0046693012 0.0001245594
0.0051576644 0.0001240003
0.0021652505 0.0001234513
0.0034223795 0.0001228826
0.0016628280 0.0001224390
-0.0011170879 0.0001215043
-0.0029002652 0.0001209312
-0.0028326511 0.0001204838
-0.0000678748 0.0001200752
-0.0010519251 0.0001195408
-0.0035470128 0.0001181058
-0.0037255585 0.0001173762
-0.0026174486 0.0001166030
-0.0013558790 0.0001135810
-0.0012413263 0.0001105203
-0.0036781430 0.0001093663
-0.0037802756 0.0001086761
-0.0026118904 0.0001079470
-0.0030210987 0.0001076255
-0.0039369836 0.0001072831
-0.0011714175 0.0001066161
-0.0001830757 0.0001057311
-0.0010542423 0.0001053771
-0.0022436231 0.0001048230
-0.0027236715 0.0001032674
-0.0050050244 0.0001020630
-0.0051029101 0.0001014436
-0.0039246902 0.0001007582
-0.0043335482 0.0001004552
-0.0012437552 0.0000999450
-0.0026264563 0.0000994561
-0.0037433654 0.0000991780
-0.0011970773 0.0000986239
-0.0025314018 0.0000980409
-0.0007847175 0.0000975856
0.0020076036 0.0000965825
0.0037252828 0.0000959069
0.0036718845 0.0000955183
0.0009570122 0.0000952985
0.0003171340 0.0000950604
0.0016496032 0.0000947827
0.0027118102 0.0000943656
0.0028415769 0.0000925535
0.0036322400 0.0000918906
0.0017179996 0.0000915366
-0.0013307109 0.0000910775
-0.0031754524 0.0000907735
-0.0040453449 0.0000903179
-0.0034351945 0.0000898457
-0.0007452145 0.0000893506
-0.0006150976 0.0000890183
-0.0026162043 0.0000883416
-0.0036019683 0.0000875506
-0.0014788732 0.0000863735
-0.0030778274 0.0000856122
-0.0034456253 0.0000847793
-0.0043742061 0.0000843481
-0.0017326921 0.0000837764
-0.0034152716 0.0000833427
-0.0046172813 0.0000830524
-0.0022208691 0.0000826474
-0.0027494207 0.0000820762
-0.0055490285 0.0000811450
0.0045301840 0.0000802313
0.0040685162 0.0000794376
0.0014012456 0.0000786332
0.0012888908 0.0000783746
0.0036944896 0.0000774271
0.0033751652 0.0000760214
0.0032616928 0.0000756302
0.0040983707 0.0000752488
0.0047153085 0.0000748059
-0.0003055930 0.0000737141
0.0008495152 0.0000732139
0.0017977431 0.0000724490
0.0025843754 0.0000719608
0.0006807074 0.0000717051
-0.0007040501 0.0000708574
0.0008460432 0.0000698619
0.0011728629 0.0000695153
0.0015492812 0.0000683762
0.0023664385 0.0000678787
0.0035063997 0.0000675228
0.0010903403 0.0000672005
0.0005786195 0.0000668315
0.0015299544 0.0000666242
0.0015299544 0.0000666242
0.0024363026 0.0000663610
0.0012998059 0.0000661785
-0.0006114468 0.0000659106
-0.0001842156 0.0000654747
-0.0009542555 0.0000647358
-0.0021677837 0.0000636794
-0.0017889366 0.0000627406
-0.0000374466 0.0000620312
-0.0001331121 0.0000613226
0.0002975538 0.0000610232
0.0010045096 0.0000608214
-0.0002086237 0.0000606765
-0.0015200078 0.0000600791
-0.0014516339 0.0000597811
-0.0026193485 0.0000587653
-0.0025342405 0.0000579415
-0.0009352341 0.0000573602
-0.0001652017 0.0000564766
0.0013570860 0.0000558143
0.0012459159 0.0000553537
-0.0003399849 0.0000550324
-0.0003226250 0.0000545960
0.0010102019 0.0000543570
0.0016465634 0.0000540323
0.0012530386 0.0000536037
-0.0004892349 0.0000532852
-0.0000944734 0.0000528841
0.0018186420 0.0000521753
0.0008889735 0.0000516963
0.0023541749 0.0000513255
0.0012291595 0.0000510880
0.0025667846 0.0000508807
0.0033653900 0.0000507257
0.0015034303 0.0000504005
0.0023171157 0.0000502446
0.0011541769 0.0000501318
-0.0007652491 0.0000499321
-0.0011199415 0.0000498038
-0.0017869100 0.0000496623
-0.0005500689 0.0000495449
0.0012665167 0.0000491731
0.0017751232 0.0000486139
0.0007392243 0.0000479748
-0.0013622046 0.0000475092
-0.0021464825 0.0000461423
-0.0007202774 0.0000445290
0.0009026080 0.0000440176
0.0014604554 0.0000434128
0.0010689050 0.0000429865
0.0008604303 0.0000427358
0.0005330071 0.0000426208
0.0014296696 0.0000425370
0.0024138987 0.0000423508
0.0013152212 0.0000422401
-0.0005720779 0.0000420679
-0.0017737001 0.0000419922
-0.0022712797 0.0000418466
-0.0017494336 0.0000416436
0.0000991002 0.0000414756
0.0000801831 0.0000413910
-0.0005554929 0.0000412370
-0.0019859970 0.0000410249
-0.0028600842 0.0000409126
-0.0013342500 0.0000407743
-0.0025981143 0.0000406738
-0.0013436154 0.0000405716
-0.0025925413 0.0000404987
-0.0034176335 0.0000404347
-0.0018439591 0.0000403242
-0.0006021708 0.0000399921
-0.0009081140 0.0000393911
-0.0018127188 0.0000388228
-0.0014800727 0.0000382110
0.0002851784 0.0000377792
-0.0002319887 0.0000375549
0.0000736266 0.0000371559
0.0004379973 0.0000366638
0.0003681779 0.0000364540
0.0007861182 0.0000362372
0.0021683648 0.0000357055
0.0014987364 0.0000354227
0.0015750155 0.0000350571
0.0012400448 0.0000349074
0.0014520586 0.0000348406
0.0014520586 0.0000348406
0.0006488934 0.0000347602
0.0015091524 0.0000346832
0.0020649210 0.0000345952
0.0009019226 0.0000344400
0.0016609877 0.0000343100
0.0010813698 0.0000339831
0.0012971461 0.0000336264
0.0023336783 0.0000332619
0.0020786822 0.0000329162
0.0009137392 0.0000326854
0.0008680299 0.0000326244
0.0013319924 0.0000325476
0.0018701255 0.0000324832
0.0024225786 0.0000324146
0.0013512298 0.0000323083
0.0010704920 0.0000321677
0.0011512786 0.0000320782
0.0015542433 0.0000320139
0.0004007220 0.0000319522
0.0011633933 0.0000318870
0.0005850866 0.0000318199
0.0006432533 0.0000317437
-0.0008674636 0.0000316537
-0.0016997457 0.0000315932
-0.0016907901 0.0000315507
-0.0011359230 0.0000314978
-0.0013080165 0.0000314638
-0.0014841259 0.0000311654
-0.0005358458 0.0000310070
-0.0010053739 0.0000309460
0.0001022369 0.0000308701
0.0004999191 0.0000307264
-0.0004985482 0.0000305677
-0.0009199232 0.0000305078
-0.0014229864 0.0000304623
-0.0003409535 0.0000303960
-0.0001051649 0.0000303390
0.0001118854 0.0000301996
-0.0002131388 0.0000301322
-0.0000757426 0.0000299124
0.0008218959 0.0000297566
0.0008459687 0.0000296883
0.0010382980 0.0000296496
0.0003896132 0.0000295537
0.0009148195 0.0000294750
0.0003961697 0.0000294286
0.0009474531 0.0000293647
0.0015178844 0.0000292990
0.0007488504 0.0000292542
-0.0005400255 0.0000291931
-0.0007262230 0.0000288586
-0.0014186576 0.0000286579
-0.0013622046 0.0000285689
-0.0007691905 0.0000284810
0.0000960678 0.0000283601
0.0007402971 0.0000282360
0.0013022870 0.0000278961
0.0011222363 0.0000275598
0.0002044886 0.0000274555
0.0003474504 0.0000274152
0.0008951202 0.0000273449
0.0003556758 0.0000272956
0.0008867532 0.0000272541
0.0014374629 0.0000272014
0.0003707930 0.0000271146
0.0011893362 0.0000270323
0.0003498271 0.0000269782
0.0011859164 0.0000269228
0.0019948930 0.0000267900
0.0012213066 0.0000266348
0.0002269521 0.0000265202
-0.0008412898 0.0000264505
-0.0012854859 0.0000263012
-0.0010224208 0.0000261555
0.0001561940 0.0000260468
0.0009091869 0.0000259971
0.0012536198 0.0000259363
0.0009751096 0.0000258824
-0.0001982674 0.0000258335
-0.0002483279 0.0000258069
0.0012777969 0.0000257610
0.0020719618 0.0000256747
0.0020595714 0.0000256286
0.0015095547 0.0000255818
0.0017002597 0.0000255399
0.0023660958 0.0000253988
0.0016702935 0.0000253091
0.0004964396 0.0000251718
0.0003922954 0.0000251308
0.0005639866 0.0000250927
0.0010123998 0.0000250334
0.0003014579 0.0000249736
0.0009769350 0.0000248819
0.0012540221 0.0000247885
0.0009298548 0.0000247036
-0.0002689883 0.0000246352
-0.0001034886 0.0000244671
-0.0000494495 0.0000243890
0.0005171821 0.0000243272
0.0000078306 0.0000242892
-0.0005277097 0.0000242447
-0.0005277097 0.0000242447
0.0000355169 0.0000241973
-0.0007011294 0.0000240171
0.0014343783 0.0000238369
0.0007112548 0.0000237177
-0.0003868416 0.0000236342
0.0000102818 0.0000235583
-0.0000560358 0.0000234671
-0.0007772073 0.0000233979
-0.0007443354 0.0000233365
-0.0001094267 0.0000232717
-0.0003812835 0.0000232244
0.0003877804 0.0000231697
0.0000336170 0.0000231390
-0.0004135817 0.0000231062
-0.0000189096 0.0000230845
0.0001382381 0.0000230519
-0.0004489794 0.0000230297
-0.0005339682 0.0000230082
-0.0007997602 0.0000229853
0.0000705495 0.0000228052
-0.0001815781 0.0000227648
-0.0005529821 0.0000226897
-0.0000340268 0.0000226418
0.0000688210 0.0000224150
0.0002648830 0.0000223246
-0.0001369044 0.0000221788
0.0005978867 0.0000219041
0.0007111132 0.0000217079
0.0001340359 0.0000215771
-0.0004761666 0.0000214107
0.0000673011 0.0000212237
0.0002930313 0.0000211822
0.0006231666 0.0000211489
0.0000964776 0.0000211272
-0.0007694885 0.0000210897
-0.0008285493 0.0000210674
-0.0011009350 0.0000210208
-0.0014309436 0.0000209869
-0.0017723069 0.0000209408
-0.0010229945 0.0000208695
-0.0015347600 0.0000208190
-0.0009506345 0.0000207780
-0.0014851317 0.0000207451
-0.0009565279 0.0000207196
0.0003689826 0.0000206959
-0.0008765385 0.0000206722
0.0009505823 0.0000206311
0.0012044683 0.0000206032
-0.0020707101 0.0000205692
0.0002438053 0.0000205064
0.0005353764 0.0000204552
-0.0000013113 0.0000204163
-0.0007310435 0.0000203066
-0.0008223429 0.0000201000
-0.0002133101 0.0000199343
-0.0009871349 0.0000198247
-0.0009691417 0.0000197858
-0.0010805205 0.0000197581
-0.0014408156 0.0000196979
-0.0007459894 0.0000196317
0.0000400171 0.0000195811
-0.0000110939 0.0000194398
-0.0009733960 0.0000192724
-0.0010703281 0.0000191908
-0.0012047216 0.0000191531
-0.0005984753 0.0000191236
0.0000614151 0.0000190248
0.0000618696 0.0000189799
0.0003113970 0.0000189495
-0.0002437979 0.0000189308
-0.0011295602 0.0000188994
-0.0009080395 0.0000188762
0.0002617538 0.0000188477
-0.0000313073 0.0000188288
-0.0003159493 0.0000186608
-0.0005501881 0.0000186034
-0.0008682460 0.0000185706
-0.0012140349 0.0000185443
-0.0005001575 0.0000185076
-0.0008608773 0.0000184849
-0.0012223199 0.0000184633
-0.0006957874 0.0000184411
0.0001833886 0.0000183993
0.0007478967 0.0000183582
0.0010302588 0.0000183105
0.0010329559 0.0000182918
-0.0003559440 0.0000182839
0.0011063218 0.0000182692
-0.0000758618 0.0000182259
-0.0001555681 0.0000181808
0.0008387491 0.0000181143
0.0009204671 0.0000180913
0.0003116503 0.0000180717
-0.0001671538 0.0000179948
-0.0007881671 0.0000179571
-0.0012193918 0.0000178628
-0.0011471361 0.0000177810
-0.0004215986 0.0000177151
-0.0004380643 0.0000176656
-0.0011189952 0.0000176280
-0.0010616258 0.0000175886
-0.0003420487 0.0000175488
-0.0002451241 0.0000174614
0.0002833307 0.0000174210
0.0000905916 0.0000173217
-0.0002094880 0.0000171882
0.0005027056 0.0000170912
0.0007309765 0.0000170238
0.0009811521 0.0000169810
-0.0000239834 0.0000168908
-0.0001861155 0.0000168731
-0.0003258735 0.0000167492
-0.0006563812 0.0000165753
-0.0000601485 0.0000165217
0.0008099154 0.0000164347
0.0009193197 0.0000163937
0.0008464605 0.0000162264
0.0011198968 0.0000160021
0.0006648526 0.0000157829
0.0008699447 0.0000157192
0.0006817952 0.0000156968
0.0006258935 0.0000156457
-0.0000298396 0.0000156236
0.0002899170 0.0000156051
0.0005338341 0.0000155191
0.0009146258 0.0000154661
0.0011998788 0.0000154390
0.0015460625 0.0000154173
0.0010259822 0.0000153995
0.0008412972 0.0000153869
0.0012335777 0.0000153304
0.0007305369 0.0000153023
0.0010106564 0.0000151168
0.0005374998 0.0000150431
0.0003393367 0.0000149778
0.0005513281 0.0000149297
0.0011690781 0.0000149041
0.0012115985 0.0000148653
0.0013449490 0.0000148489
0.0007475689 0.0000148390
-0.0005968809 0.0000148349
0.0006437600 0.0000148190
0.0005203933 0.0000148105
0.0007260740 0.0000147970
0.0001540333 0.0000147887
-0.0000819489 0.0000147284
0.0006001070 0.0000146434
-0.0006132126 0.0000145721
-0.0011439249 0.0000145381
-0.0004243702 0.0000144690
-0.0004893914 0.0000144473
-0.0008205548 0.0000144239
-0.0001008883 0.0000143966
0.0001897961 0.0000143388
-0.0001353472 0.0000143234
-0.0005310848 0.0000143140
-0.0002414063 0.0000143049
-0.0005293936 0.0000142846
-0.0008676127 0.0000142711
-0.0012258142 0.0000142473
-0.0005291775 0.0000142190
-0.0008922741 0.0000142052
-0.0003686845 0.0000141922
-0.0000689402 0.0000141620
0.0000692680 0.0000141443
0.0001150891 0.0000140699
-0.0004345626 0.0000139892
-0.0002391711 0.0000138940
-0.0001899004 0.0000138632
0.0002465770 0.0000138453
-0.0000802502 0.0000138357
0.0002857149 0.0000138173
-0.0000754744 0.0000137911
0.0002741441 0.0000137772
0.0002741441 0.0000137772
-0.0000577271 0.0000137638
-0.0005663708 0.0000137257
-0.0005121604 0.0000137127
-0.0006510988 0.0000137031
-0.0001038983 0.0000136891
-0.0001236945 0.0000136192
-0.0010271296 0.0000135430
0.0001393259 0.0000134836
0.0003121346 0.0000134631
0.0006592721 0.0000134378
0.0004811957 0.0000133822
0.0002623722 0.0000133595
0.0003495067 0.0000133470
-0.0000424758 0.0000133358
0.0002991483 0.0000133128
0.0001256615 0.0000133049
0.0001941323 0.0000132861
0.0003072694 0.0000132245
0.0001273379 0.0000131225
0.0001029298 0.0000130865
0.0004290119 0.0000129763
0.0008091778 0.0000128405
0.0006131977 0.0000128003
0.0001163930 0.0000127826
0.0000385642 0.0000127721
-0.0001377538 0.0000127569
-0.0003710091 0.0000127431
0.0007387325 0.0000127145
-0.0001686960 0.0000127051
0.0006475374 0.0000126877
0.0007167831 0.0000126761
0.0001180992 0.0000126652
0.0002810806 0.0000126584
0.0001799241 0.0000126517
-0.0001340210 0.0000126386
-0.0007667765 0.0000125764
-0.0008215904 0.0000125432
-0.0009091049 0.0000125298
-0.0003213137 0.0000125144
-0.0006047636 0.0000125028
-0.0001813844 0.0000124905
-0.0004396141 0.0000124690
-0.0000964105 0.0000124544
0.0000096112 0.0000124019
0.0000267327 0.0000123047
0.0001209080 0.0000122855
0.0000632405 0.0000122742
-0.0001433864 0.0000122654
-0.0003303364 0.0000122556
0.0000379160 0.0000122470
0.0000982583 0.0000122390
-0.0003074259 0.0000122320
-0.0007830933 0.0000121808
-0.0009682551 0.0000121509
-0.0002949685 0.0000121272
-0.0004087910 0.0000121058
-0.0001824945 0.0000120947
-0.0005323738 0.0000120879
0.0000455007 0.0000120810
0.0002772957 0.0000120545
-0.0001874864 0.0000120300
0.0003026724 0.0000119827
0.0008610934 0.0000119226
0.0009262934 0.0000118954
0.0004232302 0.0000118832
-0.0002523512 0.0000118707
-0.0005213395 0.0000118395
-0.0004730448 0.0000118214
-0.0006140843 0.0000118045
-0.0000645146 0.0000117826
-0.0003722236 0.0000117643
-0.0004082918 0.0000116932
-0.0001245737 0.0000115809
-0.0003298894 0.0000114616
-0.0004018843 0.0000114422
-0.0005849227 0.0000114286
-0.0008057505 0.0000114189
-0.0010386407 0.0000114033
-0.0007017553 0.0000113863
-0.0002085716 0.0000113483
-0.0001622587 0.0000113330
0.0003834292 0.0000113226
0.0001954660 0.0000113046
0.0003436059 0.0000112942
0.0001606047 0.0000112807
-0.0004279464 0.0000112737
-0.0005918294 0.0000112405
-0.0005074516 0.0000111652
-0.0007351860 0.0000110890
-0.0007097125 0.0000110296
-0.0001056194 0.0000109914
0.0001975596 0.0000109782
0.0000227392 0.0000109697
0.0002281591 0.0000109637
0.0001172125 0.0000109598
0.0002458170 0.0000109517
0.0004841834 0.0000109447
0.0001633093 0.0000109405
0.0002066419 0.0000109335
-0.0002204627 0.0000109238
-0.0008603260 0.0000109118
-0.0002291575 0.0000108915
0.0002850741 0.0000108720
0.0001140311 0.0000108586
-0.0001521260 0.0000108496
-0.0006075725 0.0000108406
-0.0004455596 0.0000108340
0.0001408160 0.0000108277
-0.0000326335 0.0000108225
0.0003345013 0.0000108114
0.0003867894 0.0000108021
0.0004324168 0.0000107422
0.0002405345 0.0000107110
-0.0000147298 0.0000106975
0.0004050657 0.0000106769
0.0001802295 0.0000106643
-0.0001688376 0.0000106545
-0.0007315129 0.0000106343
0.0006601065 0.0000106094
0.0005851164 0.0000105796
0.0005459860 0.0000105355
0.0004148707 0.0000104963
0.0003456101 0.0000104691
0.0007593706 0.0000104474
0.0004188120 0.0000104321
0.0003502145 0.0000104188
0.0003177524 0.0000104058
-0.0005680546 0.0000103855
-0.0005244017 0.0000103752
-0.0002889410 0.0000103621
-0.0005173609 0.0000103517
-0.0000441521 0.0000103387
-0.0002907068 0.0000102624
-0.0001310483 0.0000102108
0.0004165173 0.0000101753
0.0004565045 0.0000100712
0.0004385412 0.0000100306
0.0004814416 0.0000099792
0.0000631735 0.0000099610
0.0002858564 0.0000099477
-0.0001871437 0.0000099355
-0.0002835765 0.0000099245
0.0002769530 0.0000099040
0.0004846677 0.0000098866
0.0000216812 0.0000098753
0.0002660900 0.0000098647
0.0002660900 0.0000098647
0.0003284663 0.0000098547
0.0009546950 0.0000098453
0.0008867830 0.0000098408
0.0003953725 0.0000098354
0.0002692416 0.0000098075
-0.0000622496 0.0000097717
-0.0005462691 0.0000097484
-0.0003121272 0.0000097319
-0.0004358590 0.0000097264
-0.0003550649 0.0000097207
-0.0001131743 0.0000097058
0.0002599210 0.0000096982
0.0000615567 0.0000096856
-0.0000728294 0.0000096476
0.0000604317 0.0000096392
-0.0000110045 0.0000096336
0.0000030622 0.0000096275
0.0001987144 0.0000096213
-0.0001640692 0.0000096157
-0.0003454536 0.0000095819
-0.0003013164 0.0000095433
0.0002169386 0.0000095305
0.0002277270 0.0000095196
0.0005320981 0.0000095144
0.0009805039 0.0000095058
0.0001101270 0.0000094999
0.0002176538 0.0000094930
0.0002890453 0.0000094855
0.0001017749 0.0000094795
0.0009340867 0.0000094754
0.0007658303 0.0000094728
0.0001922771 0.0000094698
0.0002661571 0.0000094654
-0.0000804216 0.0000094609
-0.0001967847 0.0000094559
-0.0000502467 0.0000094413
-0.0003666282 0.0000094252
-0.0004312396 0.0000094124
-0.0002366379 0.0000094025
-0.0003670156 0.0000093986
0.0000071228 0.0000093858
-0.0000896156 0.0000093795
0.0000083670 0.0000093668
0.0001971647 0.0000093249
-0.0003305078 0.0000092810
0.0006080940 0.0000092457
0.0003419593 0.0000092244
0.0002885833 0.0000091977
0.0003738031 0.0000091768
0.0004284754 0.0000091579
0.0001416728 0.0000091274
0.0001045465 0.0000091170
-0.0000038892 0.0000091066
-0.0001121759 0.0000090910
0.0005834475 0.0000090744
0.0007501096 0.0000090631
0.0005327687 0.0000090546
0.0001723468 0.0000090490
0.0000636354 0.0000090455
0.0000649020 0.0000090261
0.0001940280 0.0000090107
-0.0000516847 0.0000089998
0.0003299490 0.0000089925
0.0002729446 0.0000089848
-0.0000307783 0.0000089795
0.0001129955 0.0000089603
0.0000627637 0.0000089304
0.0002651438 0.0000089103
0.0002068356 0.0000089021
0.0000886321 0.0000088945
-0.0001301393 0.0000088883
-0.0001706257 0.0000088811
-0.0007799417 0.0000088741
-0.0008124188 0.0000088680
-0.0005317926 0.0000088612
-0.0004329383 0.0000088560
-0.0003910586 0.0000088367
-0.0002982765 0.0000088183
0.0000120327 0.0000088100
-0.0001179576 0.0000087728
-0.0003402531 0.0000087315
0.0000754669 0.0000086668
-0.0001784712 0.0000086037
-0.0004837662 0.0000085830
0.0004980490 0.0000085578
0.0002002865 0.0000085413
-0.0002713650 0.0000085284
-0.0001621917 0.0000085220
-0.0002955794 0.0000085180
-0.0002189949 0.0000085121
-0.0000049099 0.0000085014
0.0000565499 0.0000084707
0.0007637739 0.0000084530
0.0006631091 0.0000084476
0.0003425702 0.0000084441
-0.0001133010 0.0000084384
0.0007547513 0.0000084313
-0.0002600327 0.0000084284
-0.0006139576 0.0000084147
-0.0006658435 0.0000083789
-0.0005976930 0.0000083384
-0.0001277030 0.0000083106
-0.0000699461 0.0000082833
-0.0001721606 0.0000082727
0.0000854954 0.0000082645
-0.0001237690 0.0000082555
-0.0000486746 0.0000082457
0.0000618324 0.0000082328
0.0003109351 0.0000082191
0.0002071559 0.0000082122
-0.0001506507 0.0000082081
-0.0000147074 0.0000082017
-0.0000340566 0.0000081722
-0.0001275837 0.0000081555
-0.0002846494 0.0000081481
-0.0001482442 0.0000081428
-0.0002344325 0.0000081357
-0.0002869889 0.0000081309
0.0001093447 0.0000081249
0.0000031292 0.0000081220
-0.0003177598 0.0000081194
-0.0001478046 0.0000081135
-0.0001965463 0.0000081103
0.0002029166 0.0000081053
0.0004272312 0.0000080821
0.0003244132 0.0000080473
-0.0000417903 0.0000080229
-0.0000547767 0.0000080036
0.0003604665 0.0000079890
0.0004447624 0.0000079790
0.0000773147 0.0000079698
-0.0000201687 0.0000079623
-0.0001158714 0.0000079541
0.0002454966 0.0000079454
0.0000369102 0.0000079395
0.0003064275 0.0000079343
0.0004933551 0.0000079258
0.0000182763 0.0000079037
0.0001003817 0.0000078983
-0.0002769455 0.0000078873
-0.0001652911 0.0000078798
0.0001617149 0.0000078753
0.0006272346 0.0000078677
0.0003521442 0.0000078593
0.0004471242 0.0000078290
0.0000839606 0.0000078090
0.0001890585 0.0000078029
0.0000999272 0.0000077971
0.0004363060 0.0000077864
0.0006390586 0.0000077804
0.0005053058 0.0000077635
-0.0001547262 0.0000077513
0.0003435239 0.0000077379
0.0005881116 0.0000077243
0.0005878210 0.0000077167
0.0009151176 0.0000076960
0.0002617240 0.0000076757
0.0002683997 0.0000076622
0.0003974363 0.0000076572
0.0001649484 0.0000076492
0.0001503453 0.0000075986
0.0004589111 0.0000075606
0.0003166869 0.0000075506
-0.0002360940 0.0000075421
-0.0001811087 0.0000075133
-0.0001002997 0.0000074965
-0.0001817569 0.0000074856
0.0001734048 0.0000074635
0.0001511350 0.0000074565
0.0000188351 0.0000074526
-0.0003183335 0.0000074412
-0.0003456101 0.0000074350
-0.0004023984 0.0000074317
-0.0005259439 0.0000074246
-0.0004458651 0.0000074208
-0.0001292005 0.0000074174
-0.0000257343 0.0000074152
-0.0000950918 0.0000074131
0.0001697317 0.0000074105
0.0003705323 0.0000073974
0.0003360808 0.0000073915
0.0004880279 0.0000073873
0.0004672557 0.0000073853
0.0003354698 0.0000073787
0.0000716075 0.0000073715
0.0000998527 0.0000073683
-0.0001759529 0.0000073662
-0.0005956218 0.0000073623
-0.0005047396 0.0000073596
0.0000075549 0.0000073561
-0.0001035482 0.0000073532
-0.0002770424 0.0000073517
-0.0003578812 0.0000073491
-0.0000973642 0.0000073461
-0.0004701540 0.0000073445
-0.0005540177 0.0000073412
-0.0007210225 0.0000073368
-0.0001596659 0.0000073327
0.0000915900 0.0000073176
0.0000123084 0.0000073129
-0.0001606420 0.0000073100
-0.0000909194 0.0000073073
0.0000249222 0.0000072888
0.0000192896 0.0000072604
-0.0004080832 0.0000072420
-0.0003179163 0.0000072364
-0.0004539266 0.0000072330
0.0002150238 0.0000072283
0.0002915338 0.0000072265
0.0004421771 0.0000072036
0.0003787875 0.0000071780
0.0000372306 0.0000071594
0.0000371709 0.0000071460
0.0003433228 0.0000071335
0.0003006235 0.0000071200
0.0003852546 0.0000071109
0.0002215132 0.0000071047
0.0000405759 0.0000070697
0.0001054779 0.0000070323
0.0000694618 0.0000070050
0.0001257136 0.0000069991
-0.0002881512 0.0000069926
-0.0001960769 0.0000069896
-0.0002889335 0.0000069874
-0.0003389791 0.0000069851
-0.0006765574 0.0000069701
-0.0007039234 0.0000069625
-0.0005644709 0.0000069551
-0.0000494272 0.0000069491
-0.0002098829 0.0000069402
-0.0003216416 0.0000069217
-0.0001769662 0.0000069140
-0.0004134551 0.0000069073
-0.0000264272 0.0000069024
-0.0001226217 0.0000068979
-0.0002870411 0.0000068962
-0.0002658367 0.0000068941
-0.0001489967 0.0000068915
0.0000193194 0.0000068891
-0.0001888573 0.0000068867
-0.0004178882 0.0000068786
-0.0002063736 0.0000068720
0.0003725290 0.0000068678
-0.0002059713 0.0000068592
-0.0002089664 0.0000068485
0.0003100559 0.0000068291
0.0003549010 0.0000068239
0.0005129427 0.0000068126
0.0003621951 0.0000068067
0.0001687706 0.0000068010
-0.0007484332 0.0000067976
-0.0001433268 0.0000067925
-0.0001989156 0.0000067887
0.0002247021 0.0000067809
0.0001380816 0.0000067779
-0.0001775324 0.0000067761
-0.0000093803 0.0000067728
-0.0000592098 0.0000067706
-0.0002258569 0.0000067684
-0.0002059639 0.0000067665
-0.0000415519 0.0000067647
-0.0001096949 0.0000067632
-0.0004187077 0.0000067620
-0.0002462044 0.0000067594
-0.0003689378 0.0000067533
-0.0004990250 0.0000067453
-0.0000980794 0.0000067287
0.0000323057 0.0000067182
-0.0000271872 0.0000067094
0.0003624037 0.0000067009
-0.0001411885 0.0000066962
-0.0000020042 0.0000066744
0.0001868904 0.0000066450
-0.0003836229 0.0000066139
-0.0000945032 0.0000066010
-0.0001368299 0.0000065952
0.0001372471 0.0000065912
0.0005595684 0.0000065847
0.0004716590 0.0000065815
0.0001558289 0.0000065794
-0.0001517907 0.0000065591
-0.0003135055 0.0000065382
-0.0002575889 0.0000065204
0.0002603680 0.0000065145
0.0004384965 0.0000065031
0.0002017394 0.0000064975
0.0001338869 0.0000064942
0.0000085160 0.0000064905
-0.0001844764 0.0000064700
-0.0001806468 0.0000064427
0.0003013462 0.0000064229
0.0001998097 0.0000064173
0.0002920851 0.0000064138
-0.0000464022 0.0000064117
-0.0006666481 0.0000064105
-0.0001558736 0.0000064073
0.0005188510 0.0000064028
0.0000311583 0.0000063958
-0.0000190660 0.0000063922
-0.0003866181 0.0000063902
-0.0006556883 0.0000063881
-0.0002834797 0.0000063856
-0.0004209280 0.0000063827
-0.0003339797 0.0000063808
-0.0004079938 0.0000063787
-0.0002310947 0.0000063734
-0.0000363663 0.0000063688
-0.0000884235 0.0000063638
-0.0000586957 0.0000063588
0.0001058578 0.0000063540
-0.0001850948 0.0000063491
-0.0000358745 0.0000063459
0.0000179857 0.0000063258
0.0001112595 0.0000063001
0.0002585202 0.0000062814
0.0003371537 0.0000062756
0.0006740987 0.0000062578
0.0007061660 0.0000062491
0.0009001419 0.0000062212
0.0007605478 0.0000062115
0.0002105609 0.0000062033
0.0001182258 0.0000061888
0.0001873374 0.0000061811
0.0003003478 0.0000061527
-0.0001059249 0.0000061271
-0.0000777096 0.0000061079
0.0001721680 0.0000060730
-0.0000636503 0.0000060632
-0.0004518032 0.0000060542
-0.0003533214 0.0000060507
-0.0004897788 0.0000060451
-0.0003242195 0.0000060402
-0.0001173988 0.0000060342
-0.0003024191 0.0000060296
-0.0003678501 0.0000060265
-0.0004971102 0.0000060215
-0.0003331527 0.0000060176
-0.0001810417 0.0000060123
-0.0001923218 0.0000059875
-0.0000859946 0.0000059651
-0.0000178888 0.0000059508
0.0000201687 0.0000059412
0.0002098978 0.0000059226
0.0001671687 0.0000059009
0.0000593215 0.0000058879
-0.0001262948 0.0000058795
-0.0000039861 0.0000058758
-0.0000957623 0.0000058624
-0.0000131279 0.0000058235
0.0000763983 0.0000058080
0.0002830178 0.0000058006
-0.0000015572 0.0000057907
0.0002580136 0.0000057830
0.0001108795 0.0000057796
0.0002732500 0.0000057750
0.0003734529 0.0000057589
0.0002179295 0.0000057238
0.0001363233 0.0000057111
0.0002152845 0.0000057055
0.0004044622 0.0000056999
0.0003923178 0.0000056954
-0.0000539273 0.0000056915
-0.0002481714 0.0000056832
-0.0002390891 0.0000056744
-0.0003399849 0.0000056704
-0.0000835583 0.0000056668
0.0003268197 0.0000056616
0.0005711541 0.0000056559
0.0003434420 0.0000056546
0.0002179220 0.0000056436
0.0001623183 0.0000056373
0.0000629127 0.0000056231
0.0000335574 0.0000056177
-0.0001810268 0.0000056099
0.0000782013 0.0000056007
0.0001082569 0.0000055945
-0.0002353266 0.0000055927
-0.0002124608 0.0000055816
0.0002238899 0.0000055693
0.0003622919 0.0000055525
0.0003745332 0.0000055327
0.0000954419 0.0000055237
-0.0001536608 0.0000055201
-0.0001888722 0.0000055181
-0.0003060922 0.0000055165
-0.0001383349 0.0000054975
-0.0006939620 0.0000054764
-0.0006905794 0.0000054697
-0.0005261004 0.0000054632
-0.0005765483 0.0000054602
-0.0003060102 0.0000054580
0.0001132488 0.0000054548
0.0003525540 0.0000054487
0.0002255440 0.0000054437
0.0000760108 0.0000054408
0.0003119186 0.0000054386
0.0006039962 0.0000054304
-0.0003607050 0.0000054239
-0.0000501871 0.0000054182
-0.0004406497 0.0000054165
-0.0003202707 0.0000054144
-0.0001483560 0.0000054119
-0.0004105419 0.0000054072
-0.0001421273 0.0000054011
-0.0003739372 0.0000053971
-0.0003754571 0.0000053805
-0.0002330095 0.0000053766
-0.0000558421 0.0000053744
-0.0003217906 0.0000053720
-0.0000673681 0.0000053695
0.0001656115 0.0000053528
0.0000681132 0.0000053290
-0.0002884269 0.0000053192
-0.0003242269 0.0000053139
-0.0005999878 0.0000053045
-0.0001741126 0.0000052984
0.0003629699 0.0000052893
0.0000294521 0.0000052825
-0.0001719967 0.0000052674
-0.0002787784 0.0000052455
-0.0000278056 0.0000052123
0.0004371032 0.0000051903
0.0004130080 0.0000051871
0.0001194999 0.0000051855
-0.0003128350 0.0000051827
-0.0002280474 0.0000051628
-0.0003181472 0.0000051448
-0.0001301020 0.0000051371
-0.0001861751 0.0000051346
0.0002064705 0.0000051317
0.0003243536 0.0000051289
0.0000033975 0.0000051274
0.0001380146 0.0000051256
0.0001380146 0.0000051256
0.0001784116 0.0000051231
0.0000486970 0.0000051213
0.0001381412 0.0000051201
-0.0002418458 0.0000051197
0.0002010837 0.0000051187
-0.0002188608 0.0000051186
-0.0002480447 0.0000051151
0.0000294670 0.0000051079
0.0004312322 0.0000051054
0.0000713840 0.0000051032
0.0001441315 0.0000051006
0.0003475472 0.0000050994
0.0002246648 0.0000050988
0.0003061146 0.0000050973
-0.0001464039 0.0000050958
-0.0001377463 0.0000050917
-0.0001565889 0.0000050741
-0.0001004785 0.0000050571
0.0000023097 0.0000050444
-0.0000140443 0.0000050407
0.0000210330 0.0000050373
-0.0001176819 0.0000050364
-0.0000760481 0.0000050355
-0.0001322925 0.0000050333
-0.0002229437 0.0000050307
-0.0000902712 0.0000050293
-0.0002199784 0.0000050239
-0.0002065748 0.0000050212
-0.0000879169 0.0000050184
0.0002717972 0.0000050161
0.0003789365 0.0000050098
0.0003556758 0.0000049972
0.0003513247 0.0000049848
-0.0001053214 0.0000049793
-0.0003347322 0.0000049769
0.0003796518 0.0000049738
0.0002587587 0.0000049720
-0.0000026301 0.0000049712
0.0000806525 0.0000049694
-0.0001247451 0.0000049677
0.0001208410 0.0000049654
0.0004414096 0.0000049627
0.0008498505 0.0000049603
0.0002859607 0.0000049590
0.0002144426 0.0000049576
0.0007806495 0.0000049565
0.0000683144 0.0000049564
-0.0000947788 0.0000049557
-0.0000572130 0.0000049437
-0.0000029281 0.0000049304
0.0000905916 0.0000049209
0.0001445040 0.0000049146
0.0000658110 0.0000049020
0.0000182241 0.0000048839
0.0003894940 0.0000048786
0.0001853704 0.0000048689
0.0005761608 0.0000048536
0.0000566319 0.0000048443
0.0001070872 0.0000048382
0.0001513660 0.0000048365
-0.0000178590 0.0000048345
-0.0000601560 0.0000048316
-0.0000463352 0.0000048288
0.0000520498 0.0000048276
0.0003216043 0.0000048265
0.0002167746 0.0000048251
-0.0000092983 0.0000048240
-0.0002050474 0.0000048184
-0.0002155378 0.0000048124
-0.0002742857 0.0000048106
-0.0000148416 0.0000048065
0.0000111759 0.0000048040
-0.0001527220 0.0000047978
-0.0001078546 0.0000047909
-0.0001291111 0.0000047835
-0.0004582331 0.0000047778
-0.0003895238 0.0000047755
-0.0004378110 0.0000047725
-0.0004278794 0.0000047617
-0.0001113638 0.0000047500
-0.0000926927 0.0000047464
0.0001054257 0.0000047446
0.0002079606 0.0000047342
0.0001564622 0.0000047223
0.0001029298 0.0000047205
0.0002064034 0.0000047177
0.0000925586 0.0000047140
-0.0000419691 0.0000047096
-0.0001191497 0.0000047033
-0.0002610758 0.0000046945
-0.0002017990 0.0000046917
-0.0000460222 0.0000046889
-0.0001226068 0.0000046881
0.0001502261 0.0000046835
-0.0004412904 0.0000046803
-0.0003774762 0.0000046775
-0.0003360510 0.0000046752
-0.0002931654 0.0000046741
-0.0002101958 0.0000046728
0.0006869659 0.0000046709
0.0006944686 0.0000046698
0.0006285459 0.0000046690
0.0004152134 0.0000046681
0.0000055507 0.0000046675
-0.0002076626 0.0000046666
-0.0000977367 0.0000046650
-0.0006435066 0.0000046649
0.0000860244 0.0000046635
0.0003186688 0.0000046625
0.0003441945 0.0000046596
0.0000456795 0.0000046577
0.0001223534 0.0000046550
0.0002328306 0.0000046519
0.0003897995 0.0000046496
0.0002364889 0.0000046466
-0.0000006631 0.0000046455
-0.0000392422 0.0000046444
-0.0001525879 0.0000046436
-0.0001058653 0.0000046428
-0.0001592338 0.0000046416
0.0000894442 0.0000046399
0.0001581907 0.0000046385
0.0000016019 0.0000046352
0.0000398606 0.0000046335
-0.0000789538 0.0000046224
0.0000290796 0.0000046169
0.0000695214 0.0000046121
-0.0001104847 0.0000046113
-0.0003610924 0.0000046105
-0.0002717078 0.0000046077
0.0000692904 0.0000046053
0.0000106767 0.0000046036
-0.0001026541 0.0000046030
0.0002694353 0.0000046021
-0.0001745746 0.0000046019
0.0002449229 0.0000046010
-0.0003122687 0.0000046008
-0.0003908202 0.0000046005
-0.0004066601 0.0000045998
-0.0002225786 0.0000045989
-0.0002287701 0.0000045982
0.0000651926 0.0000045965
0.0000315756 0.0000045948
0.0001572967 0.0000045918
-0.0000940487 0.0000045903
-0.0004281029 0.0000045860
0.0001316369 0.0000045810
0.0002093837 0.0000045782
-0.0000184774 0.0000045746
-0.0001151934 0.0000045663
-0.0000202283 0.0000045598
0.0001396388 0.0000045540
-0.0000171065 0.0000045474
-0.0000257567 0.0000045423
-0.0004209951 0.0000045391
-0.0003688633 0.0000045378
-0.0001586005 0.0000045362
-0.0000897124 0.0000045348
-0.0001504719 0.0000045326
-0.0001846179 0.0000045309
0.0000802651 0.0000045285
-0.0000184625 0.0000045257
0.0000880510 0.0000045236
0.0002171919 0.0000045224
-0.0001957268 0.0000045214
-0.0001367033 0.0000045199
-0.0000164360 0.0000045185
-0.0000590533 0.0000045173
-0.0000017285 0.0000045162
0.0001166537 0.0000045151
-0.0002514720 0.0000045146
-0.0000384897 0.0000045116
0.0000266358 0.0000045086
-0.0000360683 0.0000045057
-0.0002103224 0.0000045009
0.0000541583 0.0000044988
0.0000312924 0.0000044891
-0.0000286326 0.0000044854
-0.0000195280 0.0000044716
-0.0001162663 0.0000044556
-0.0002348423 0.0000044439
-0.0002868399 0.0000044399
-0.0000324696 0.0000044349
0.0000436828 0.0000044304
-0.0001666844 0.0000044283
0.0000750497 0.0000044259
-0.0000394583 0.0000044249
0.0000441149 0.0000044237
-0.0000060648 0.0000044228
-0.0003379285 0.0000044219
-0.0001055673 0.0000044204
-0.0001899227 0.0000044188
-0.0003099516 0.0000044171
-0.0002650246 0.0000044151
-0.0000575036 0.0000044134
0.0003509223 0.0000044121
-0.0000797659 0.0000044118
0.0001200810 0.0000044087
0.0001463220 0.0000044060
0.0001937002 0.0000043953
-0.0001415387 0.0000043826
-0.0000131726 0.0000043734
0.0003229529 0.0000043675
0.0001109615 0.0000043638
0.0001863763 0.0000043609
-0.0000679120 0.0000043594
0.0000097081 0.0000043568
0.0001668856 0.0000043519
0.0002837703 0.0000043469
0.0000343323 0.0000043379
-0.0000339895 0.0000043315
0.0001848042 0.0000043293
0.0000902861 0.0000043269
-0.0001572520 0.0000043253
0.0004684925 0.0000043241
0.0003815368 0.0000043235
0.0001617447 0.0000043227
0.0002048537 0.0000043106
0.0001790151 0.0000043049
0.0002061948 0.0000042956
0.0001835898 0.0000042881
0.0000465959 0.0000042831
-0.0001123771 0.0000042777
-0.0002781749 0.0000042757
-0.0000398830 0.0000042741
0.0000348836 0.0000042730
-0.0000214800 0.0000042714
0.0000848249 0.0000042698
0.0000526458 0.0000042687
-0.0000577644 0.0000042677
0.0001484901 0.0000042656
0.0005533695 0.0000042636
0.0004727468 0.0000042626
0.0001169071 0.0000042616
0.0001821741 0.0000042602
0.0000759885 0.0000042576
-0.0000299737 0.0000042521
-0.0001934990 0.0000042482
-0.0002309978 0.0000042455
-0.0000994653 0.0000042433
0.0001223907 0.0000042417
-0.0000913367 0.0000042393
-0.0000499710 0.0000042095
-0.0000441521 0.0000041981
0.0000431538 0.0000041934
0.0000858977 0.0000041910
0.0002019107 0.0000041897
0.0001590848 0.0000041887
-0.0000454187 0.0000041876
0.0000712499 0.0000041859
0.0000181347 0.0000041825
0.0002846196 0.0000041773
-0.0003160238 0.0000041730
0.0001342967 0.0000041695
0.0001637340 0.0000041566
0.0001239851 0.0000041474
0.0001864731 0.0000041446
0.0000380725 0.0000041419
0.0000811517 0.0000041242
0.0000693351 0.0000041114
0.0001745299 0.0000041087
0.0001487806 0.0000041031
0.0001984835 0.0000040964
0.0001705214 0.0000040900
0.0002018586 0.0000040820
0.0002486557 0.0000040770
0.0002750680 0.0000040708
0.0003451183 0.0000040688
0.0001116768 0.0000040669
0.0000533611 0.0000040653
-0.0003705695 0.0000040641
0.0001853034 0.0000040623
0.0002606511 0.0000040608
0.0002835169 0.0000040528
0.0003079176 0.0000040434
0.0000413880 0.0000040372
0.0001057312 0.0000040353
0.0003196448 0.0000040341
0.0006260648 0.0000040323
0.0000529140 0.0000040313
0.0001267120 0.0000040299
0.0001740828 0.0000040285
0.0000491589 0.0000040274
-0.0002843663 0.0000040267
-0.0003330931 0.0000040163
-0.0004040450 0.0000040051
-0.0001851842 0.0000039980
-0.0001131594 0.0000039934
-0.0000739172 0.0000039880
-0.0000057966 0.0000039855
0.0000972822 0.0000039822
0.0000503659 0.0000039811
-0.0002785623 0.0000039801
-0.0001538172 0.0000039760
-0.0001804084 0.0000039740
0.0000016093 0.0000039727
0.0002820864 0.0000039708
0.0002360642 0.0000039682
0.0003224835 0.0000039642
0.0003470182 0.0000039607
0.0004181340 0.0000039570
0.0002526194 0.0000039549
0.0005047023 0.0000039535
0.0003923699 0.0000039527
0.0000104383 0.0000039517
-0.0000061765 0.0000039438
0.0001109168 0.0000039331
0.0001459867 0.0000039249
-0.0000357702 0.0000039226
0.0002106503 0.0000039212
0.0001376718 0.0000039199
0.0000820234 0.0000039107
0.0002611503 0.0000038925
0.0003140196 0.0000038832
-0.0000100285 0.0000038766
-0.0000830367 0.0000038709
-0.0001119450 0.0000038622
-0.0003410354 0.0000038540
-0.0000847206 0.0000038516
-0.0001646429 0.0000038488
-0.0000635087 0.0000038456
-0.0001694188 0.0000038438
-0.0002861395 0.0000038424
-0.0002007112 0.0000038414
0.0001604557 0.0000038401
0.0001136512 0.0000038396
-0.0002147183 0.0000038391
-0.0001318157 0.0000038384
-0.0003426597 0.0000038380
-0.0004862323 0.0000038332
0.0003001019 0.0000038236
0.0002255738 0.0000038170
0.0002504513 0.0000038151
0.0002681315 0.0000038104
-0.0002107695 0.0000038059
-0.0001783893 0.0000038044
0.0001400039 0.0000038025
0.0000829548 0.0000038017
0.0001778007 0.0000038011
0.0001300424 0.0000038004
0.0001859441 0.0000037994
0.0003041774 0.0000037988
0.0002603978 0.0000037982
0.0002327263 0.0000037956
0.0002247542 0.0000037852
0.0000177398 0.0000037776
0.0002313480 0.0000037724
-0.0003914982 0.0000037697
-0.0002117530 0.0000037670
0.0001206547 0.0000037623
0.0000571981 0.0000037608
0.0000342950 0.0000037575
-0.0000215620 0.0000037541
0.0000231788 0.0000037471
-0.0001636520 0.0000037446
-0.0002131313 0.0000037429
-0.0000386015 0.0000037418
0.0002366900 0.0000037400
0.0001767650 0.0000037393
0.0001589581 0.0000037327
0.0001902580 0.0000037281
-0.0000745580 0.0000037240
0.0000497177 0.0000037208
-0.0001111403 0.0000037197
-0.0001340657 0.0000037189
-0.0002250820 0.0000037179
-0.0001306534 0.0000037169
-0.0001807734 0.0000037162
-0.0002621114 0.0000037130
-0.0000364482 0.0000037098
0.0000182837 0.0000037074
-0.0002018958 0.0000037067
-0.0000862256 0.0000037052
0.0000193119 0.0000037005
0.0000879019 0.0000036948
-0.0001498908 0.0000036910
-0.0002317205 0.0000036882
-0.0001256540 0.0000036860
0.0000496060 0.0000036775
0.0000514016 0.0000036725
0.0001009852 0.0000036680
-0.0000332668 0.0000036666
-0.0001484007 0.0000036657
-0.0001498610 0.0000036621
0.0004545450 0.0000036572
0.0002637058 0.0000036542
0.0000878125 0.0000036460
-0.0001874343 0.0000036353
-0.0004982576 0.0000036211
-0.0004790872 0.0000036190
-0.0005382150 0.0000036173
-0.0002755076 0.0000036138
-0.0003848821 0.0000036104
-0.0001436695 0.0000036054
-0.0002610907 0.0000036022
-0.0001475140 0.0000036002
-0.0000169575 0.0000035991
-0.0003813878 0.0000035988
-0.0003832951 0.0000035978
-0.0005288869 0.0000035966
0.0003931299 0.0000035950
0.0003114492 0.0000035935
0.0000924021 0.0000035928
0.0000245348 0.0000035922
-0.0001897812 0.0000035914
-0.0003461242 0.0000035873
-0.0003238842 0.0000035852
-0.0000140071 0.0000035829
-0.0001080185 0.0000035815
0.0000620186 0.0000035807
0.0002987608 0.0000035777
0.0003244951 0.0000035760
0.0002396107 0.0000035743
0.0000206977 0.0000035735
-0.0000125393 0.0000035723
0.0001680329 0.0000035712
-0.0000638887 0.0000035705
-0.0001353174 0.0000035700
-0.0000434518 0.0000035695
0.0000605285 0.0000035596
0.0002552569 0.0000035500
-0.0004340485 0.0000035445
-0.0000204444 0.0000035423
-0.0000588670 0.0000035385
0.0001390949 0.0000035367
0.0004327446 0.0000035343
0.0003778040 0.0000035334
0.0004728585 0.0000035323
0.0002446026 0.0000035307
0.0004001483 0.0000035291
-0.0002562553 0.0000035284
-0.0000969246 0.0000035274
0.0001975149 0.0000035259
0.0000997260 0.0000035222
0.0000826418 0.0000035182
0.0003900677 0.0000035150
0.0000872612 0.0000035126
0.0000436828 0.0000035101
0.0000762790 0.0000035011
0.0000467151 0.0000034970
0.0000705123 0.0000034935
0.0001913607 0.0000034899
0.0000473633 0.0000034879
-0.0003374442 0.0000034871
-0.0002509803 0.0000034864
-0.0002278686 0.0000034857
-0.0000713691 0.0000034849
-0.0000232160 0.0000034840
0.0000655577 0.0000034831
-0.0001518950 0.0000034823
-0.0002000555 0.0000034812
-0.0002792478 0.0000034773
-0.0002792478 0.0000034773
-0.0003784671 0.0000034760
-0.0002677590 0.0000034740
-0.0002788156 0.0000034726
0.0001094043 0.0000034671
-0.0001224652 0.0000034603
-0.0001195222 0.0000034561
-0.0002422109 0.0000034550
-0.0001578256 0.0000034534
-0.0000324249 0.0000034496
0.0001462400 0.0000034457
0.0001067668 0.0000034446
0.0000046939 0.0000034436
0.0000227839 0.0000034424
-0.0001490042 0.0000034419
-0.0000019670 0.0000034413
0.0000457764 0.0000034364
0.0000674278 0.0000034299
0.0001200214 0.0000034253
0.0000469163 0.0000034209
-0.0003721416 0.0000034190
-0.0003137663 0.0000034180
-0.0003344119 0.0000034165
-0.0001357943 0.0000034133
-0.0002005696 0.0000034107
-0.0000570789 0.0000034079
0.0001164079 0.0000034059
-0.0000478253 0.0000034051
0.0000018328 0.0000034040
0.0001587495 0.0000034031
-0.0002599284 0.0000034031
0.0001804158 0.0000034024
0.0003381297 0.0000034012
-0.0001209602 0.0000033995
-0.0002031624 0.0000033966
-0.0000550002 0.0000033946
0.0000346005 0.0000033927
-0.0004685745 0.0000033916
-0.0004124716 0.0000033888
-0.0001580119 0.0000033849
0.0000723302 0.0000033821
0.0001690164 0.0000033786
-0.0001479015 0.0000033749
-0.0000553727 0.0000033716
-0.0001250282 0.0000033685
0.0000232756 0.0000033648
-0.0000208989 0.0000033633
-0.0000247657 0.0000033617
-0.0001582205 0.0000033613
-0.0002350062 0.0000033606
-0.0001859367 0.0000033592
-0.0002947599 0.0000033583
-0.0003830791 0.0000033555
-0.0004155114 0.0000033545
-0.0001528636 0.0000033537
-0.0002077296 0.0000033532
-0.0000260249 0.0000033525
0.0003160983 0.0000033517
-0.0001632422 0.0000033515
-0.0000446141 0.0000033510
-0.0000061020 0.0000033478
-0.0000513643 0.0000033394
-0.0000991598 0.0000033355
-0.0002012923 0.0000033324
-0.0002917126 0.0000033304
0.0000595227 0.0000033291
-0.0001998842 0.0000033287
-0.0001283959 0.0000033238
0.0000917092 0.0000033194
-0.0001796186 0.0000033168
-0.0002000555 0.0000033151
0.0002873093 0.0000033137
0.0003383085 0.0000033128
0.0001084954 0.0000033121
0.0001968071 0.0000033113
0.0003319532 0.0000033089
0.0001171678 0.0000033084
0.0001253635 0.0000033076
0.0003153682 0.0000033069
0.0002886653 0.0000033062
0.0002348199 0.0000033042
0.0001593605 0.0000033019
0.0002448261 0.0000033012
0.0001772195 0.0000032981
0.0005148947 0.0000032947
0.0004362091 0.0000032915
0.0002487153 0.0000032878
-0.0000182912 0.0000032869
-0.0001575947 0.0000032862
-0.0002378523 0.0000032807
-0.0003176704 0.0000032742
-0.0003983974 0.0000032730
-0.0001183376 0.0000032717
-0.0000625178 0.0000032708
0.0000742450 0.0000032703
0.0002655089 0.0000032696
0.0001606792 0.0000032691
0.0001937225 0.0000032682
0.0001237392 0.0000032672
0.0001476407 0.0000032661
0.0000477582 0.0000032640
0.0000556484 0.0000032620
0.0000357106 0.0000032597
-0.0000877827 0.0000032592
-0.0001557246 0.0000032584
-0.0001092926 0.0000032577
0.0000930429 0.0000032566
0.0002120584 0.0000032555
0.0001285076 0.0000032538
0.0002647415 0.0000032521
-0.0000843108 0.0000032515
0.0000862628 0.0000032493
0.0001838133 0.0000032430
0.0001519322 0.0000032401
0.0000858679 0.0000032371
-0.0000406355 0.0000032361
-0.0001115948 0.0000032351
0.0000707209 0.0000032315
0.0000391155 0.0000032281
-0.0001052171 0.0000032258
0.0003166646 0.0000032249
0.0003673807 0.0000032241
0.0000468269 0.0000032237
-0.0003154576 0.0000032234
-0.0002556965 0.0000032220
-0.0002179444 0.0000032198
-0.0001653507 0.0000032129
-0.0003561378 0.0000032083
0.0000323951 0.0000032048
-0.0001021326 0.0000032026
-0.0003566295 0.0000032020
-0.0000624806 0.0000032014
-0.0002815425 0.0000031999
-0.0000741333 0.0000031987
0.0000732541 0.0000031976
0.0000016019 0.0000031959
0.0003653541 0.0000031951
0.0002889931 0.0000031946
0.0000333339 0.0000031940
0.0000641569 0.0000031932
-0.0000030473 0.0000031904
-0.0000877008 0.0000031876
-0.0005035922 0.0000031872
-0.0002212450 0.0000031852
-0.0000121742 0.0000031841
-0.0000294745 0.0000031831
0.0000094399 0.0000031822
-0.0001035631 0.0000031814
-0.0000074357 0.0000031805
0.0001990870 0.0000031773
0.0002702624 0.0000031722
0.0000870973 0.0000031684
-0.0000735149 0.0000031676
0.0003953725 0.0000031668
0.0004067272 0.0000031661
-0.0001106635 0.0000031656
0.0000915825 0.0000031651
0.0000734180 0.0000031645
0.0000051409 0.0000031640
-0.0001579896 0.0000031634
-0.0002056137 0.0000031627
-0.0002125576 0.0000031619
-0.0002115369 0.0000031600
-0.0002682060 0.0000031573
-0.0002819896 0.0000031549
-0.0003795624 0.0000031543
-0.0001114160 0.0000031531
-0.0000622645 0.0000031522
0.0000729784 0.0000031517
0.0002627820 0.0000031510
0.0001570359 0.0000031504
0.0002149045 0.0000031496
0.0000611246 0.0000031478
0.0001103580 0.0000031468
0.0000669807 0.0000031446
0.0001797825 0.0000031432
0.0000840873 0.0000031417
0.0001043305 0.0000031406
0.0001640841 0.0000031388
0.0000335351 0.0000031384
0.0000591576 0.0000031343
0.0001866072 0.0000031294
0.0000626892 0.0000031251
-0.0000454038 0.0000031219
0.0001517311 0.0000031194
-0.0002672672 0.0000031179
0.0000179335 0.0000031171
-0.0002066642 0.0000031156
-0.0001474693 0.0000031137
0.0001984388 0.0000031123
0.0000915155 0.0000031116
0.0000298247 0.0000031111
0.0001847744 0.0000031095
-0.0002289936 0.0000031080
-0.0003722981 0.0000031051
-0.0004068539 0.0000031015
-0.0004518926 0.0000030995
-0.0004104599 0.0000030981
-0.0002949983 0.0000030962
-0.0000408515 0.0000030954
-0.0000162721 0.0000030946
0.0001881123 0.0000030938
-0.0000217929 0.0000030934
0.0000648573 0.0000030910
0.0000876710 0.0000030878
0.0004809350 0.0000030867
0.0000206158 0.0000030860
-0.0000790358 0.0000030854
-0.0000215024 0.0000030849
-0.0001758114 0.0000030836
-0.0003329292 0.0000030822
-0.0003099889 0.0000030812
0.0003999919 0.0000030798
0.0004258007 0.0000030769
0.0003795996 0.0000030738
0.0001788065 0.0000030732
0.0002289787 0.0000030717
0.0000761226 0.0000030699
0.0000390783 0.0000030684
-0.0002428517 0.0000030681
-0.0001906529 0.0000030674
0.0000465289 0.0000030664
0.0000037551 0.0000030655
0.0001347661 0.0000030646
0.0001332760 0.0000030641
0.0001011044 0.0000030634
-0.0004799366 0.0000030632
-0.0004428178 0.0000030610
-0.0001344681 0.0000030582
0.0002217963 0.0000030562
0.0001592860 0.0000030548
0.0001219884 0.0000030536
0.0001056269 0.0000030500
-0.0002678335 0.0000030480
-0.0002562553 0.0000030472
-0.0002153665 0.0000030464
0.0003723279 0.0000030455
0.0003530458 0.0000030438
0.0000644103 0.0000030421
0.0000333712 0.0000030408
-0.0000782236 0.0000030401
-0.0002393574 0.0000030394
-0.0002184287 0.0000030387
-0.0001592562 0.0000030371
0.0000869483 0.0000030333
0.0002824292 0.0000030321
0.0002546608 0.0000030309
0.0003183559 0.0000030303
0.0000255778 0.0000030299
0.0000484511 0.0000030288
-0.0002165809 0.0000030283
0.0000732914 0.0000030277
0.0001269653 0.0000030272
0.0000685677 0.0000030268
0.0001034439 0.0000030260
0.0001368970 0.0000030214
0.0001275465 0.0000030156
0.0001938641 0.0000030143
0.0003592595 0.0000030135
0.0003909916 0.0000030122
0.0002235621 0.0000030108
0.0001769885 0.0000030096
-0.0001129806 0.0000030074
-0.0001379177 0.0000030064
0.0001879260 0.0000030052
0.0000116453 0.0000030045
0.0000128970 0.0000030037
0.0001396984 0.0000030029
0.0002101809 0.0000030016
0.0003599226 0.0000029976
-0.0000515655 0.0000029942
-0.0001638606 0.0000029912
-0.0000524446 0.0000029885
0.0001018792 0.0000029867
0.0003145039 0.0000029860
0.0003005415 0.0000029852
0.0001040325 0.0000029845
0.0001492202 0.0000029830
-0.0000361279 0.0000029797
0.0000045747 0.0000029785
0.0000062361 0.0000029772
-0.0000751317 0.0000029708
0.0000633597 0.0000029598
0.0000986233 0.0000029505
0.0000858009 0.0000029470
0.0001168996 0.0000029435
-0.0000389740 0.0000029425
0.0000239685 0.0000029411
0.0001741052 0.0000029404
0.0001090392 0.0000029395
-0.0000394210 0.0000029389
-0.0002445206 0.0000029375
-0.0004113391 0.0000029329
-0.0004298389 0.0000029309
-0.0003733560 0.0000029290
-0.0001492128 0.0000029275
-0.0000309721 0.0000029266
0.0000758916 0.0000029239
0.0002050251 0.0000029215
-0.0002228543 0.0000029194
-0.0000850335 0.0000029176
-0.0002444461 0.0000029168
-0.0004089251 0.0000029114
-0.0000912622 0.0000029051
-0.0001624227 0.0000029015
-0.0002101734 0.0000028973
-0.0000521317 0.0000028943
-0.0001857504 0.0000028906
-0.0000866428 0.0000028895
0.0001877770 0.0000028884
-0.0001332685 0.0000028882
-0.0001099184 0.0000028875
-0.0002282932 0.0000028869
-0.0004104227 0.0000028857
-0.0000120252 0.0000028841
0.0000497997 0.0000028831
-0.0000527650 0.0000028825
-0.0001086295 0.0000028817
0.0000412017 0.0000028804
0.0000777319 0.0000028793
-0.0000685602 0.0000028786
0.0000065044 0.0000028777
0.0000358671 0.0000028767
-0.0000829399 0.0000028763
-0.0002426058 0.0000028761
-0.0002476498 0.0000028753
-0.0001944378 0.0000028735
-0.0002906173 0.0000028719
-0.0001357123 0.0000028684
-0.0000208318 0.0000028661
0.0000733882 0.0000028651
0.0002211109 0.0000028640
0.0002175644 0.0000028634
0.0001611784 0.0000028626
0.0000367537 0.0000028614
-0.0002178401 0.0000028610
