-0.6644454002 2.4247570038
-0.5897069573 2.2673354149
-0.5149343014 2.2856991291
-0.4438190758 2.1810772419
-0.3920382857 1.9790450335
-0.3311796188 1.9068094492
-0.3083370924 1.7855923176
-0.2657368779 1.7248241901
-0.2089248598 1.6609295607
-0.1939319521 1.6873502731
-0.2027555406 1.6479460001
-0.2356609106 1.6225491762
-0.2433346212 1.6721332073
-0.2579112649 1.6287757158
-0.2493170351 1.6474030018
-0.2165630460 1.6105042696
-0.2174083591 1.6524530649
-0.1985207796 1.6055448055
-0.1603824198 1.5287418365
-0.1116951406 1.5140929222
-0.0890932679 1.5872944593
-0.0479412749 1.6572388411
-0.0429563150 1.7708694935
-0.0658270344 1.8489230871
-0.0738576949 1.8021327257
-0.0708714202 1.6784423590
-0.0959219337 1.5996453762
-0.1398222148 1.5729460716
-0.1960055828 1.5845451355
-0.2605166733 1.5841945410
-0.2907346487 1.6534982920
-0.2872293591 1.7234289646
-0.2817676067 1.8688372374
-0.3011967242 1.9431507587
-0.3153625429 1.8929446936
-0.3013869822 1.8848786354
-0.2662329674 1.8310027122
-0.2198812664 1.7272894382
-0.1810592115 1.7425725460
-0.1622891426 1.6735926867
-0.1717751473 1.5964081287
-0.1698533893 1.6162339449
-0.1490975916 1.6737374067
-0.1248419881 1.6267161369
-0.0809642971 1.5933787823
-0.0782283396 1.5845928192
-0.0626153052 1.4995099306
-0.0694537163 1.3998917341
-0.0587126315 1.2698403597
-0.0719618127 1.2398116589
-0.1082894355 1.2220284939
-0.1064732596 1.2050703764
-0.0898819864 1.1361244917
-0.1044416651 1.0856478214
-0.1177381352 1.0008857250
-0.1000339910 0.9422232509
-0.1123236716 0.9331423640
-0.1008141413 0.9524797797
-0.0662731081 0.9484811425
-0.0158180296 0.9414791465
-0.0037819669 0.9207389951
-0.0151931643 0.9478136897
0.0021312684 0.9430708289
0.0003305152 0.9023249149
0.0155921280 0.8338878751
0.0065726489 0.7675504088
0.0152771026 0.7528017759
-0.0007069483 0.7278749943
-0.0179885030 0.6782997847
-0.0564243346 0.6622862220
-0.0619564131 0.6244933605
-0.0694251657 0.6324569583
-0.0987671092 0.6592152119
-0.1443973184 0.6735705733
-0.1998927891 0.6744807959
-0.2135891914 0.6558094621
-0.1980274022 0.6467653513
-0.1617370844 0.6279088855
-0.1108146012 0.6069369316
-0.0526357815 0.5734131336
-0.0377669036 0.5571463108
-0.0019872710 0.5428994894
0.0206646100 0.5641829371
0.0515676364 0.5514717698
0.0815234408 0.5145697594
0.0864233971 0.4726980627
0.1159142554 0.4391843081
0.1103933677 0.4232215881
0.0842044577 0.4040663540
0.0431907699 0.4043456316
0.0380995572 0.4109956026
0.0116400421 0.4086566269
0.0187580287 0.4039767981
0.0149267763 0.3820300698
0.0305325985 0.3514361084
0.0668867081 0.3309446275
0.0900826231 0.3013940752
0.0822582021 0.2790165544
0.0514466614 0.2699090540
0.0455230623 0.2514148057
0.0635911375 0.2313227654
0.0585248172 0.2282111198
0.0319959149 0.2220435590
-0.0045109689 0.2110497057
-0.0042831153 0.2010520995
0.0213204399 0.1923535764
0.0149737224 0.1910481453
0.0304552615 0.1828578860
0.0661788434 0.1750516891
0.1141099706 0.1653494686
0.1224132106 0.1597427130
0.1519974321 0.1580314487
0.1974478364 0.1563194394
0.2316486537 0.1465718299
0.2323607206 0.1378269792
0.2573443055 0.1328740418
0.2996065617 0.1293890029
0.3044013679 0.1267829388
0.2879370451 0.1300142854
0.2518526316 0.1333346963
0.2167336643 0.1432035416
0.1934285313 0.1423169971
0.1585221291 0.1474868357
0.1212678924 0.1449182332
0.0746454597 0.1398129463
0.0424625576 0.1297774166
0.0069532543 0.1187981293
-0.0212813169 0.1175313666
-0.0235890448 0.1118397638
-0.0512676314 0.1089227274
-0.0961439162 0.1081205681
-0.1452134550 0.1046209037
-0.1537958682 0.1007252112
-0.1816250980 0.0965249166
-0.2178457081 0.0910970643
-0.2179803699 0.0872571915
-0.2431242168 0.0850807875
-0.2381246686 0.0845650733
-0.2098447382 0.0828675553
-0.1655876786 0.0805235356
-0.1103192493 0.0779882371
-0.0954768583 0.0780559480
-0.0613350198 0.0767009929
-0.0134364292 0.0750611648
0.0439166054 0.0731432140
0.0604864061 0.0714675859
0.0834690332 0.0668908954
0.1067830920 0.0670512244
0.0988061950 0.0671366230
0.1174753755 0.0664192885
0.1102535278 0.0644514635
0.1270220578 0.0612932630
0.1624519527 0.0582910553
0.1630724370 0.0565177985
0.1873530447 0.0547957495
0.2234151661 0.0517222285
0.2248758078 0.0502880700
0.2359761298 0.0516682975
0.2653335035 0.0536091067
0.2617630064 0.0552462377
0.2357461154 0.0572270826
0.2319988161 0.0560124852
0.2055757046 0.0552676953
0.2092657089 0.0534630083
0.1886942685 0.0518730842
0.1509758532 0.0506957062
0.1018485203 0.0495354906
0.0909468755 0.0485883094
0.1050741225 0.0486605316
0.1381580532 0.0485373512
0.1443079114 0.0468576476
0.1712002009 0.0448346809
0.1667764336 0.0435478836
0.1866442561 0.0421331525
0.1774293035 0.0413208678
0.1480820030 0.0407772288
0.1058240309 0.0398910344
0.0552452356 0.0404377356
0.0424569398 0.0401676074
0.0547001734 0.0389226153
0.0443237871 0.0370406583
0.0438977033 0.0339834504
0.0233751684 0.0313989744
0.0037644580 0.0284473523
-0.0324445665 0.0264048185
-0.0394490063 0.0241838731
-0.0520507470 0.0218878519
-0.0844819099 0.0205852576
-0.0836594254 0.0195601620
-0.0600525066 0.0186152980
-0.0205329359 0.0178971924
0.0075650513 0.0166416019
0.0442918465 0.0152768083
0.0465779230 0.0144000258
0.0248392150 0.0139152454
-0.0127024427 0.0135150515
-0.0166741908 0.0129917208
0.0032241419 0.0124731949
0.0058945492 0.0117059322
0.0010242686 0.0107947933
-0.0245334655 0.0101360139
-0.0194322988 0.0095472587
-0.0365419090 0.0090453029
-0.0697515458 0.0086312992
-0.0701786354 0.0082131149
-0.0475620925 0.0078447452
-0.0534384102 0.0075458544
-0.0795159116 0.0073121451
-0.0751115531 0.0070519676
-0.0494048893 0.0068138451
-0.0089127645 0.0066039436
0.0412908643 0.0063578445
0.0983974114 0.0061102780
0.1158152968 0.0059727812
0.1056380346 0.0059147486
0.0763436183 0.0058922796
0.0348554254 0.0058184890
-0.0158901438 0.0057604723
-0.0293076411 0.0056709587
-0.0168088600 0.0055558644
0.0137472972 0.0054339510
0.0135622174 0.0053342790
-0.0083053410 0.0052781967
-0.0450742543 0.0052301791
-0.0490957201 0.0051748538
-0.0302857384 0.0051025022
0.0043916032 0.0050047105
0.0491512418 0.0048308736
0.0894783139 0.0045050024
0.0958076268 0.0043042349
0.0784454346 0.0041826894
0.0446294844 0.0041169706
0.0019429326 0.0039945450
-0.0486617833 0.0038802614
-0.0623911992 0.0037746620
-0.0504627302 0.0036731730
-0.0206520259 0.0035800482
0.0216186345 0.0034935065
0.0299455822 0.0034246240
0.0151332468 0.0033449959
-0.0165592059 0.0032971420
-0.0594102591 0.0032409916
-0.0680421293 0.0031835928
-0.0528247282 0.0031247197
-0.0210670382 0.0030494945
0.0222799107 0.0029697903
0.0314315632 0.0029190523
0.0167170689 0.0028847167
-0.0146322474 0.0028632558
-0.0157402381 0.0028053450
0.0044128746 0.0027334867
-0.0025284067 0.0026902766
0.0129229426 0.0026068504
0.0446892679 0.0025263280
0.0458685160 0.0024777644
0.0257311761 0.0024407150
-0.0092821121 0.0024161269
-0.0156652033 0.0023202416
0.0007697120 0.0022360270
0.0183929354 0.0020831854
0.0094880164 0.0019856275
-0.0178512186 0.0019184825
-0.0158445984 0.0018607952
0.0065742508 0.0018058837
0.0419600084 0.0017319678
0.0455535501 0.0016887920
0.0269414485 0.0016611887
-0.0070947558 0.0016426096
-0.0124704316 0.0015862733
-0.0329924375 0.0015097965
-0.0262481272 0.0014496824
-0.0008129328 0.0013913738
-0.0040661022 0.0013519739
0.0000147000 0.0012729581
-0.0183668658 0.0012199874
-0.0099471509 0.0011775061
0.0149986371 0.0011237519
0.0111283213 0.0010905323
-0.0127674490 0.0010680102
-0.0082797185 0.0010469595
0.0159627423 0.0010255914
0.0117820352 0.0010123532
0.0299379304 0.0009977281
0.0215519667 0.0009907882
-0.0053175613 0.0009891160
-0.0031433105 0.0009827098
-0.0225190967 0.0009796332
-0.0152046233 0.0009719499
0.0107284635 0.0009603180
0.0080669075 0.0009520896
-0.0145843551 0.0009484388
-0.0096799806 0.0009399937
0.0062689930 0.0008985189
-0.0033206120 0.0008681499
-0.0308574513 0.0008480716
-0.0292712301 0.0008297159
-0.0073469877 0.0008133773
0.0276991948 0.0007874292
0.0313894302 0.0007700816
0.0131664425 0.0007591273
-0.0202987269 0.0007533588
-0.0229808092 0.0007460258
-0.0042764619 0.0007346849
-0.0117653906 0.0007260931
0.0036149099 0.0007163094
0.0349239707 0.0007037602
0.0361943543 0.0006974603
0.0164873376 0.0006953782
-0.0178040490 0.0006964321
-0.0212993696 0.0006928492
-0.0032910779 0.0006870467
0.0296289325 0.0006758444
0.0321881175 0.0006701848
0.0135361403 0.0006682882
-0.0198035464 0.0006661966
-0.0227813050 0.0006603390
-0.0045576617 0.0006520999
0.0285212994 0.0006430286
0.0313428640 0.0006376578
0.0130097121 0.0006357614
-0.0200474784 0.0006368877
-0.0229482800 0.0006336631
-0.0047926903 0.0006274617
0.0280546620 0.0006170608
0.0308254808 0.0006121703
0.0125737637 0.0006105454
-0.0202922300 0.0006100618
-0.0231691524 0.0006061701
-0.0051095486 0.0005992419
0.0276086405 0.0005898504
0.0304017439 0.0005852852
0.0122741833 0.0005840719
-0.0200142711 0.0005768270
-0.0225867182 0.0005686157
-0.0044018775 0.0005599440
0.0264678374 0.0005369224
0.0280213878 0.0005230683
0.0090757683 0.0005154018
-0.0239507705 0.0005075554
-0.0270901695 0.0004998335
-0.0093583763 0.0004917168
0.0229910314 0.0004831669
0.0256801173 0.0004791614
0.0076344237 0.0004781945
-0.0248353034 0.0004786576
-0.0276942179 0.0004766963
-0.0098774657 0.0004731508
0.0223474056 0.0004650380
0.0250598937 0.0004607542
0.0075977966 0.0004522704
-0.0243485495 0.0004468047
-0.0269357115 0.0004402396
-0.0090155676 0.0004334691
0.0232766941 0.0004263522
0.0261246935 0.0004229032
0.0083832890 0.0004222367
-0.0236792341 0.0004227264
-0.0264420062 0.0004205011
-0.0087461099 0.0004169681
0.0232882500 0.0004122163
0.0260599181 0.0004100765
0.0083729178 0.0004096716
-0.0235530064 0.0004102823
-0.0263212919 0.0004087177
-0.0087217614 0.0004049807
0.0231442675 0.0003987600
0.0258932933 0.0003956987
0.0082790703 0.0003950986
-0.0234969035 0.0003952381
-0.0262552425 0.0003934725
-0.0087441951 0.0003899691
0.0229709446 0.0003853920
0.0257038996 0.0003837563
0.0081751198 0.0003838757
-0.0234631822 0.0003853584
-0.0262203738 0.0003846604
-0.0088059530 0.0003823628
0.0227496848 0.0003780233
0.0254715756 0.0003760178
0.0080281049 0.0003759234
-0.0233714357 0.0003739443
-0.0260542855 0.0003708710
-0.0086732507 0.0003665757
0.0227667019 0.0003595807
0.0254895091 0.0003563804
0.0081307590 0.0003559095
-0.0231854767 0.0003555650
-0.0258947611 0.0003533213
-0.0086243749 0.0003498084
0.0226510167 0.0003441984
0.0253520459 0.0003415969
0.0080737248 0.0003410110
-0.0229638815 0.0003371122
-0.0255667195 0.0003323648
-0.0083107352 0.0003274002
0.0228685066 0.0003215678
0.0255850852 0.0003190578
0.0084001422 0.0003188178
-0.0226345658 0.0003194154
-0.0253257155 0.0003181289
-0.0082167685 0.0003150493
0.0227672607 0.0003102504
0.0254420042 0.0003081253
0.0083206818 0.0003080161
-0.0225823075 0.0003088865
-0.0252742469 0.0003080005
-0.0082630590 0.0003058392
0.0225610137 0.0003015637
0.0252159387 0.0002996719
0.0081735998 0.0002996024
-0.0224162862 0.0002954780
-0.0249740034 0.0002905674
-0.0079542547 0.0002856458
0.0227908269 0.0002795170
0.0254760385 0.0002762840
0.0085386708 0.0002751688
-0.0220574066 0.0002750069
-0.0247104019 0.0002735062
-0.0078534931 0.0002716118
0.0226860046 0.0002683353
0.0253136754 0.0002672749
0.0084272698 0.0002675483
-0.0220421702 0.0002682644
-0.0246931165 0.0002669600
-0.0079238266 0.0002651360
0.0224646777 0.0002608385
0.0250831395 0.0002584876
0.0082836077 0.0002574668
-0.0207573846 0.0002501372
-0.0224905908 0.0002439370
-0.0051304698 0.0002380972
0.0256169587 0.0002323693
0.0285348296 0.0002294655
0.0119961426 0.0002282805
-0.0180834904 0.0002280053
-0.0206129998 0.0002268791
-0.0038982481 0.0002250485
-0.0106289312 0.0002233847
0.0031360313 0.0002211254
-0.0056582317 0.0002193762
0.0066517591 0.0002164479
-0.0031753629 0.0002149259
0.0083889440 0.0002125573
-0.0019444674 0.0002116200
0.0084061921 0.0002047382
-0.0027484670 0.0002002149
0.0078496188 0.0001960266
-0.0031270087 0.0001936603
-0.0291384533 0.0001921072
-0.0289931595 0.0001902485
-0.0105660185 0.0001881683
0.0206719339 0.0001860369
0.0241881907 0.0001850653
0.0083177611 0.0001851023
-0.0210357532 0.0001851920
-0.0233018175 0.0001844669
-0.0066491365 0.0001831826
0.0226036161 0.0001775255
0.0248065218 0.0001742290
0.0080977008 0.0001723891
-0.0217701644 0.0001712266
-0.0244730562 0.0001697351
-0.0082034171 0.0001680269
0.0213541538 0.0001661817
0.0238609165 0.0001654570
0.0074578971 0.0001655812
-0.0221115723 0.0001660321
-0.0247019306 0.0001657649
-0.0084524900 0.0001650382
0.0209948197 0.0001637497
0.0235219225 0.0001633356
0.0072301179 0.0001635577
-0.0221508890 0.0001636722
-0.0247031078 0.0001630990
-0.0085158646 0.0001619633
0.0207945183 0.0001605362
0.0233169794 0.0001601486
0.0071128085 0.0001604863
-0.0220996737 0.0001603330
-0.0246237889 0.0001595253
-0.0085087046 0.0001583450
0.0206620917 0.0001568404
0.0231798068 0.0001562118
0.0070627332 0.0001562932
-0.0220339969 0.0001567370
-0.0245657489 0.0001563106
-0.0085453987 0.0001554149
0.0204606131 0.0001530300
0.0229518116 0.0001518541
0.0069045052 0.0001516050
-0.0220479816 0.0001514945
-0.0245692059 0.0001508209
-0.0086267442 0.0001496227
0.0202304572 0.0001468578
0.0227031186 0.0001455794
0.0067314878 0.0001451474
-0.0220898017 0.0001452366
-0.0246071741 0.0001447653
-0.0087535381 0.0001439968
0.0199702308 0.0001424839
0.0224376470 0.0001420105
0.0065527633 0.0001419995
-0.0221105143 0.0001419272
-0.0246035978 0.0001412569
-0.0088201612 0.0001403528
0.0197667331 0.0001386569
0.0222273394 0.0001379531
0.0064245462 0.0001378325
-0.0221011043 0.0001379260
-0.0245864838 0.0001374975
-0.0088800639 0.0001364143
0.0195649937 0.0001347285
0.0220146254 0.0001339574
0.0062914342 0.0001337783
-0.0220924318 0.0001338606
-0.0245641321 0.0001332858
-0.0089365318 0.0001322660
0.0193642080 0.0001309510
0.0217996910 0.0001304414
0.0061549544 0.0001303290
-0.0220879316 0.0001304714
-0.0245504081 0.0001301794
-0.0090042427 0.0001294308
0.0191532895 0.0001282327
0.0215739012 0.0001279937
0.0060066059 0.0001280035
-0.0220932662 0.0001280397
-0.0245407596 0.0001275550
-0.0090706646 0.0001266897
0.0189452246 0.0001255797
0.0213560537 0.0001251039
0.0058664009 0.0001251243
-0.0220931768 0.0001251610
-0.0245306194 0.0001248242
-0.0091388822 0.0001240186
0.0187361762 0.0001228873
0.0211322382 0.0001227147
0.0057183057 0.0001230795
-0.0220712423 0.0001219424
-0.0244737864 0.0001206354
-0.0091421753 0.0001191009
0.0186048746 0.0001176108
0.0209969953 0.0001170763
0.0056638271 0.0001173643
-0.0220125094 0.0001173857
-0.0244225711 0.0001170552
-0.0091838166 0.0001163818
0.0184117556 0.0001154846
0.0207853988 0.0001152382
0.0055270642 0.0001155166
-0.0220042840 0.0001150491
-0.0243947357 0.0001139882
-0.0092283040 0.0001128700
0.0182317272 0.0001116398
0.0205944330 0.0001113282
0.0054138303 0.0001116182
-0.0219842046 0.0001114757
-0.0243702531 0.0001110262
-0.0092863739 0.0001104222
0.0180301368 0.0001095559
0.0203776509 0.0001095754
0.0052739531 0.0001098013
-0.0219882280 0.0001098332
-0.0243630707 0.0001093622
-0.0093538463 0.0001083948
0.0178270638 0.0001068899
0.0201671943 0.0001062082
0.0051435530 0.0001059335
-0.0219792426 0.0001057344
-0.0243438110 0.0001053485
-0.0094123334 0.0001044653
0.0176287442 0.0001030864
0.0199547261 0.0001027112
0.0050046593 0.0001030509
-0.0216786787 0.0001008917
-0.0238155797 0.0000990026
-0.0088061020 0.0000973453
0.0182119533 0.0000958138
0.0206006914 0.0000950463
0.0057716817 0.0000948153
-0.0210317820 0.0000943996
-0.0233346224 0.0000938232
-0.0085215494 0.0000930588
0.0182744414 0.0000921603
0.0205898657 0.0000919093
0.0057915822 0.0000921858
-0.0209258348 0.0000925360
-0.0232529789 0.0000925118
-0.0085430816 0.0000921804
0.0180931836 0.0000916777
0.0203818157 0.0000917786
0.0056521595 0.0000922221
-0.0209300444 0.0000925818
-0.0232473388 0.0000925694
-0.0086143911 0.0000921784
0.0178839713 0.0000915702
0.0201624483 0.0000915130
0.0055108592 0.0000919000
-0.0209302157 0.0000920997
-0.0232333541 0.0000919790
-0.0086790547 0.0000917149
0.0176816955 0.0000910476
0.0199473128 0.0000910780
0.0053729638 0.0000914052
-0.0209324658 0.0000916202
-0.0232298076 0.0000917602
-0.0087531954 0.0000915838
0.0174686760 0.0000909210
0.0197227076 0.0000908747
0.0052231997 0.0000912832
-0.0209476575 0.0000916245
-0.0232301950 0.0000916322
-0.0088263601 0.0000913209
0.0172569901 0.0000908656
0.0194986090 0.0000909460
0.0050764084 0.0000912242
-0.0209556893 0.0000913720
-0.0232243761 0.0000912116
-0.0088941380 0.0000907797
0.0170557648 0.0000901237
0.0192879513 0.0000899836
0.0049420521 0.0000901657
-0.0209551454 0.0000903113
-0.0232140571 0.0000902924
-0.0089582279 0.0000897851
0.0168593377 0.0000882755
0.0190819353 0.0000876301
0.0048134774 0.0000873508
-0.0209214613 0.0000862205
-0.0231485143 0.0000852538
-0.0089504570 0.0000839890
0.0167418718 0.0000828546
0.0189575255 0.0000824647
0.0047637001 0.0000825205
-0.0208206922 0.0000814756
-0.0230225772 0.0000805181
-0.0088905022 0.0000795919
0.0166775882 0.0000784909
0.0188860372 0.0000781568
0.0047670677 0.0000783278
-0.0207235143 0.0000783098
-0.0229404196 0.0000780678
-0.0089038014 0.0000778146
0.0165130347 0.0000773769
0.0186986104 0.0000774188
0.0046460256 0.0000779814
-0.0207108259 0.0000779872
-0.0229207426 0.0000780203
-0.0089579150 0.0000777558
0.0163246542 0.0000773306
0.0184983537 0.0000774160
0.0045206696 0.0000778487
-0.0207113996 0.0000782343
-0.0229152292 0.0000785151
-0.0090323910 0.0000785884
0.0161106214 0.0000784551
0.0182697922 0.0000787704
0.0043646023 0.0000793139
-0.0207158476 0.0000788888
-0.0228959545 0.0000786228
-0.0090771839 0.0000782730
0.0159408525 0.0000778003
0.0180927664 0.0000779087
0.0042631328 0.0000783530
-0.0206976384 0.0000784347
-0.0228705704 0.0000782549
-0.0091281980 0.0000779807
0.0157546103 0.0000775675
0.0178947300 0.0000775968
0.0041384697 0.0000779942
-0.0206934884 0.0000782243
-0.0228566676 0.0000780771
-0.0091910958 0.0000780267
0.0155569389 0.0000777074
0.0176846161 0.0000777959
0.0040008128 0.0000782783
-0.0206986591 0.0000784590
-0.0228523165 0.0000784830
-0.0092575997 0.0000783132
0.0153598785 0.0000778889
0.0174763054 0.0000780599
0.0038663372 0.0000785291
-0.0206926391 0.0000781478
-0.0228291079 0.0000778153
-0.0093034580 0.0000774955
0.0151848122 0.0000770526
0.0172913671 0.0000771215
0.0037542507 0.0000775497
-0.0206820220 0.0000776689
-0.0228107944 0.0000775395
-0.0093589649 0.0000772657
0.0149971470 0.0000768702
0.0170914531 0.0000770245
0.0036259145 0.0000776767
-0.0206753463 0.0000775313
-0.0227901712 0.0000772639
-0.0094090551 0.0000769653
0.0148169473 0.0000766611
0.0168999657 0.0000768653
0.0035064593 0.0000774845
-0.0206677094 0.0000775347
-0.0227736086 0.0000774440
-0.0094669536 0.0000773599
0.0146281198 0.0000771025
0.0167002827 0.0000772118
0.0033811033 0.0000774112
-0.0206650198 0.0000773904
-0.0227607116 0.0000772810
-0.0095244423 0.0000770453
0.0144421607 0.0000766400
0.0165038705 0.0000766455
0.0032544360 0.0000772604
-0.0206636414 0.0000775196
-0.0227492526 0.0000776438
-0.0095827579 0.0000772420
0.0142557770 0.0000766392
0.0163066015 0.0000767788
0.0031296164 0.0000773252
-0.0206539556 0.0000770331
-0.0227241963 0.0000767259
-0.0096281096 0.0000763529
0.0140817091 0.0000759698
0.0161211416 0.0000761709
0.0030141100 0.0000768776
0.0083626285 0.0000757969
-0.0023967996 0.0000752277
0.0045646131 0.0000741227
-0.0050351396 0.0000731021
0.0027115494 0.0000719424
-0.0063130409 0.0000707915
0.0018139407 0.0000693626
-0.0069174245 0.0000679373
0.0013913661 0.0000666704
-0.0071955845 0.0000655044
0.0011922643 0.0000644770
-0.0072609857 0.0000629936
0.0012017563 0.0000616855
-0.0072349384 0.0000606347
0.0012168884 0.0000597157
-0.0072118044 0.0000590610
0.0012243241 0.0000584101
-0.0071934462 0.0000579243
0.0012286678 0.0000573979
-0.0071730167 0.0000568843
0.0012388602 0.0000563163
0.0213780925 0.0000549315
0.0211806893 0.0000542030
0.0067711547 0.0000539361
-0.0175393000 0.0000538400
-0.0203216970 0.0000537652
-0.0080662444 0.0000536222
0.0147118643 0.0000533751
0.0164439157 0.0000533868
0.0034679174 0.0000535818
-0.0197572634 0.0000537635
-0.0218679458 0.0000540272
-0.0092214122 0.0000540050
0.0137486532 0.0000538778
0.0156954229 0.0000540061
0.0029506609 0.0000543538
-0.0200290382 0.0000545223
-0.0220416933 0.0000546045
-0.0094071031 0.0000544508
0.0134739876 0.0000542405
0.0154396147 0.0000542743
0.0027881935 0.0000544916
-0.0200450793 0.0000544859
-0.0220337212 0.0000544079
-0.0094628334 0.0000542317
0.0132960603 0.0000539173
0.0152553692 0.0000538719
0.0026776418 0.0000541081
-0.0197155029 0.0000531139
-0.0214742646 0.0000523362
-0.0088180676 0.0000517084
0.0139293298 0.0000511349
0.0159503967 0.0000509008
0.0034868196 0.0000508757
-0.0190694332 0.0000509305
-0.0210135803 0.0000508513
-0.0085633770 0.0000507021
0.0139614046 0.0000504636
0.0159055367 0.0000504619
0.0034671426 0.0000506225
-0.0189929381 0.0000508098
-0.0209516063 0.0000508890
-0.0085914358 0.0000508850
0.0137899369 0.0000507652
0.0157132670 0.0000508580
0.0033395812 0.0000510924
-0.0189953521 0.0000513053
-0.0209479183 0.0000514592
-0.0086600855 0.0000514741
0.0135925636 0.0000513433
0.0155052170 0.0000514193
0.0032027140 0.0000516557
-0.0190042257 0.0000518558
-0.0209466517 0.0000520419
-0.0087317526 0.0000521271
0.0133909136 0.0000520792
0.0152902603 0.0000522269
0.0030572191 0.0000525153
-0.0190172046 0.0000525994
-0.0209411681 0.0000526376
-0.0087890700 0.0000525828
0.0132124200 0.0000524211
0.0151049644 0.0000524825
0.0029441789 0.0000527163
-0.0190043896 0.0000527730
-0.0209154710 0.0000527594
-0.0088352636 0.0000527815
0.0130391568 0.0000526692
0.0149199888 0.0000527547
0.0028277859 0.0000530152
-0.0189950690 0.0000530436
-0.0208949074 0.0000530194
-0.0088780522 0.0000528742
0.0128756613 0.0000526271
0.0147489309 0.0000526150
0.0027284026 0.0000527925
-0.0189630464 0.0000526132
-0.0208477080 0.0000524622
-0.0088976324 0.0000523092
0.0127331167 0.0000520804
0.0145955235 0.0000521120
0.0026432574 0.0000523133
-0.0189352781 0.0000524243
-0.0208148956 0.0000524336
-0.0089410394 0.0000525317
0.0125598386 0.0000524929
0.0144078806 0.0000526540
0.0025216416 0.0000529985
-0.0189332291 0.0000531272
-0.0208063275 0.0000533084
-0.0089985132 0.0000533389
0.0123804733 0.0000532308
0.0142188892 0.0000533818
0.0024019331 0.0000537231
-0.0189297870 0.0000538818
-0.0207885802 0.0000539375
-0.0090697408 0.0000545070
0.0121712983 0.0000547926
0.0139895156 0.0000551542
0.0022342205 0.0000556489
-0.0189726874 0.0000557071
-0.0208236948 0.0000558374
-0.0091531202 0.0000559074
0.0119790733 0.0000558122
0.0137961805 0.0000559463
0.0021152198 0.0000562763
-0.0189682543 0.0000563245
-0.0208098665 0.0000565249
-0.0092063248 0.0000566039
0.0118035823 0.0000565460
0.0136101991 0.0000566721
0.0019972101 0.0000569809
-0.0189657807 0.0000570653
-0.0207914114 0.0000570497
-0.0092541054 0.0000571014
0.0116350129 0.0000570031
0.0134317353 0.0000571450
0.0018867254 0.0000574469
-0.0189516842 0.0000573864
-0.0207656920 0.0000573246
-0.0092933476 0.0000572981
0.0114761516 0.0000571560
0.0132639334 0.0000572142
0.0017864406 0.0000575073
-0.0189194456 0.0000571117
-0.0207141787 0.0000567951
-0.0092997253 0.0000564856
0.0113552734 0.0000561620
0.0131361336 0.0000561142
0.0017274022 0.0000562697
-0.0176952332 0.0000550517
-0.0186547413 0.0000541044
-0.0067127943 0.0000533413
0.0142623782 0.0000526718
0.0163161233 0.0000523420
0.0051467419 0.0000522507
-0.0152350068 0.0000522977
-0.0169292018 0.0000522199
-0.0055761859 0.0000520762
0.0149095431 0.0000518489
0.0166984200 0.0000518283
0.0054235533 0.0000519452
-0.0149529129 0.0000521294
-0.0167223141 0.0000521696
-0.0054980293 0.0000521040
0.0148185343 0.0000519387
0.0165673718 0.0000519726
0.0053427368 0.0000521323
-0.0149219036 0.0000523530
-0.0166900530 0.0000524216
-0.0055415109 0.0000523807
0.0146446675 0.0000522291
0.0163804218 0.0000522658
0.0052237362 0.0000524321
-0.0149149746 0.0000526196
-0.0166717768 0.0000526709
-0.0055902451 0.0000526147
0.0144737363 0.0000524362
0.0162000805 0.0000524534
0.0051131919 0.0000525992
-0.0149027184 0.0000527818
-0.0166482553 0.0000528359
-0.0056349412 0.0000527947
0.0143058524 0.0000526282
0.0160213038 0.0000526587
0.0050020441 0.0000528293
-0.0148924589 0.0000530376
-0.0166268125 0.0000530996
-0.0056788400 0.0000530435
0.0141402334 0.0000528876
0.0158458129 0.0000529263
0.0048940405 0.0000531192
-0.0148775801 0.0000533241
-0.0166011080 0.0000533940
-0.0057204142 0.0000533602
0.0139779821 0.0000531969
0.0156734064 0.0000532361
0.0047893077 0.0000534393
-0.0148620233 0.0000536622
-0.0165756196 0.0000537661
-0.0057620481 0.0000537685
0.0138148069 0.0000536298
0.0154997110 0.0000536885
0.0046824142 0.0000539099
-0.0148477331 0.0000541030
-0.0165500492 0.0000541934
-0.0058017671 0.0000541813
0.0136556849 0.0000540482
0.0153303817 0.0000541273
0.0045796633 0.0000543521
-0.0148305818 0.0000545456
-0.0165222883 0.0000546338
-0.0058394149 0.0000546226
0.0134998038 0.0000544396
0.0151652694 0.0000544682
0.0044815317 0.0000546570
-0.0148100629 0.0000548572
-0.0164914802 0.0000549566
-0.0058759525 0.0000550343
0.0133428201 0.0000549165
0.0149974525 0.0000549638
0.0043789372 0.0000551895
-0.0147934482 0.0000553458
-0.0164633244 0.0000553817
-0.0059101358 0.0000553610
0.0131925568 0.0000551555
0.0148380399 0.0000551814
0.0042858645 0.0000553591
-0.0147680417 0.0000554760
-0.0164275989 0.0000555161
-0.0059407651 0.0000555700
0.0130434036 0.0000554402
0.0146778300 0.0000555351
0.0041895360 0.0000558211
-0.0147483423 0.0000560507
-0.0163989142 0.0000562071
-0.0059761703 0.0000562573
0.0128911734 0.0000560996
0.0145159215 0.0000562155
0.0040932521 0.0000565149
-0.0147266835 0.0000566922
-0.0163655728 0.0000567682
-0.0060073510 0.0000568438
0.0127424970 0.0000567334
0.0143568888 0.0000568925
0.0039986297 0.0000572348
-0.0147029832 0.0000573286
-0.0163321942 0.0000574347
-0.0060386583 0.0000575718
0.0125948787 0.0000574301
0.0141993910 0.0000575632
0.0039057359 0.0000578592
-0.0146764293 0.0000577408
-0.0162924156 0.0000576335
-0.0060605630 0.0000576135
0.0124583915 0.0000574054
0.0140545815 0.0000574463
0.0038252175 0.0000577197
-0.0146461874 0.0000579376
-0.0162556246 0.0000580882
-0.0060891584 0.0000581913
0.0123127326 0.0000581126
0.0138980374 0.0000582197
0.0037325472 0.0000585718
-0.0146209896 0.0000585818
-0.0162184313 0.0000585938
-0.0061137602 0.0000585688
0.0121742040 0.0000583508
0.0137503296 0.0000583943
0.0036493912 0.0000586494
-0.0145871863 0.0000585070
-0.0161736608 0.0000584209
-0.0061331838 0.0000584467
0.0120415911 0.0000579846
0.0136092529 0.0000577765
0.0035729259 0.0000578269
-0.0145496875 0.0000576548
-0.0161262378 0.0000575437
-0.0061482191 0.0000574867
0.0119110122 0.0000572053
0.0134678409 0.0000571872
0.0034940243 0.0000573884
-0.0145156011 0.0000573653
-0.0160834342 0.0000573860
-0.0061697215 0.0000574692
0.0117746666 0.0000572471
0.0133212730 0.0000572472
0.0034109354 0.0000574162
-0.0144761875 0.0000569626
-0.0160283223 0.0000566553
-0.0061716735 0.0000563820
0.0116623938 0.0000560344
0.0132008567 0.0000559984
0.0033539906 0.0000561393
-0.0144084096 0.0000555827
-0.0159421414 0.0000551569
-0.0061424226 0.0000548309
0.0115837306 0.0000544424
0.0131154209 0.0000543154
0.0033321828 0.0000544231
-0.0143341720 0.0000543472
-0.0158696622 0.0000542722
-0.0061410442 0.0000542141
0.0114669055 0.0000538682
0.0129856989 0.0000537815
0.0032634214 0.0000539262
-0.0142911598 0.0000538811
-0.0158180594 0.0000538338
-0.0061537921 0.0000538425
0.0113383606 0.0000536297
0.0128459260 0.0000536411
0.0031859875 0.0000538176
-0.0142572150 0.0000538859
-0.0157751590 0.0000538864
-0.0061733946 0.0000538848
0.0112051293 0.0000537091
0.0127029866 0.0000537132
0.0031065494 0.0000538320
-0.0142203420 0.0000536871
-0.0157271028 0.0000536027
-0.0061869100 0.0000535721
0.0110798702 0.0000532529
0.0125693381 0.0000531524
0.0030358061 0.0000532255
-0.0141801164 0.0000531797
-0.0156787038 0.0000531837
-0.0062008053 0.0000531412
0.0109529495 0.0000528470
0.0124321133 0.0000528123
0.0029604957 0.0000529437
-0.0141417906 0.0000528596
-0.0156285167 0.0000527113
-0.0062121376 0.0000526555
0.0108284354 0.0000524164
0.0122978166 0.0000523832
0.0028886348 0.0000525194
-0.0141018182 0.0000524604
-0.0155800432 0.0000524497
-0.0062263608 0.0000524361
0.0107014552 0.0000522410
0.0121608824 0.0000522335
0.0028138980 0.0000524126
-0.0140535533 0.0000519733
-0.0155146495 0.0000516543
-0.0062171891 0.0000514247
0.0106038079 0.0000510436
0.0120566487 0.0000508867
0.0027731881 0.0000509274
-0.0139932707 0.0000508842
-0.0154516399 0.0000508581
-0.0062220171 0.0000509160
0.0104819313 0.0000508012
0.0119219124 0.0000508139
0.0026977137 0.0000510016
-0.0139579996 0.0000510589
-0.0154081807 0.0000511337
-0.0062407851 0.0000512220
0.0103514493 0.0000510565
0.0117816627 0.0000510692
0.0026199445 0.0000512748
-0.0136806965 0.0000505165
-0.0149480179 0.0000499019
-0.0057155117 0.0000493948
0.0108599737 0.0000489368
0.0123401359 0.0000487129
0.0032749921 0.0000486473
-0.0131380484 0.0000486406
-0.0145494416 0.0000485763
-0.0054854155 0.0000484657
0.0109037161 0.0000482779
0.0123223960 0.0000482480
0.0032829195 0.0000483218
-0.0130365193 0.0000483153
-0.0144497082 0.0000482368
-0.0054557920 0.0000481268
0.0108156875 0.0000479415
0.0122203305 0.0000479129
0.0032398477 0.0000480006
-0.0129778311 0.0000481069
-0.0143885612 0.0000481178
-0.0054610968 0.0000480688
0.0106936470 0.0000479390
0.0120865032 0.0000479427
0.0031672344 0.0000480397
-0.0129383281 0.0000481312
-0.0143387243 0.0000481227
-0.0054735467 0.0000480841
0.0105701461 0.0000479106
0.0119540021 0.0000478826
0.0030971020 0.0000479677
-0.0128959939 0.0000480379
-0.0142873973 0.0000480416
-0.0054827482 0.0000479821
0.0104492307 0.0000478283
0.0118232593 0.0000478152
0.0030282661 0.0000479019
-0.0128531381 0.0000479609
-0.0142342746 0.0000479534
-0.0054911003 0.0000478983
0.0103302374 0.0000477004
0.0116958767 0.0000476347
0.0029632002 0.0000476961
-0.0128010884 0.0000475731
-0.0141678825 0.0000474363
-0.0054825097 0.0000473049
0.0102303922 0.0000470796
0.0115871206 0.0000470213
0.0029157475 0.0000470843
-0.0127442256 0.0000471217
-0.0141057298 0.0000471004
-0.0054844320 0.0000470620
0.0101156384 0.0000468886
0.0114615411 0.0000468598
0.0028510615 0.0000469364
-0.0126798749 0.0000466011
-0.0140185282 0.0000463237
-0.0054481477 0.0000460981
0.0100494623 0.0000458218
0.0113902241 0.0000457161
0.0028421953 0.0000457461
-0.0125919208 0.0000456177
-0.0139300674 0.0000454955
-0.0054262877 0.0000453857
0.0099565312 0.0000452153
0.0112844333 0.0000451801
0.0027955398 0.0000452339
-0.0125330240 0.0000451868
-0.0138643160 0.0000451238
-0.0054233670 0.0000450571
0.0098485500 0.0000448895
0.0111665577 0.0000448636
0.0027379021 0.0000449441
-0.0124808326 0.0000448955
-0.0138030127 0.0000448379
-0.0054226443 0.0000447637
0.0097392201 0.0000445938
0.0110478401 0.0000445506
0.0026807785 0.0000445987
-0.0124264881 0.0000444750
-0.0137374923 0.0000443424
-0.0054165944 0.0000442207
0.0096376985 0.0000439247
0.0109382570 0.0000437834
0.0026323870 0.0000437855
-0.0123621821 0.0000435457
-0.0136612579 0.0000433406
-0.0053991303 0.0000431910
0.0095459372 0.0000429740
0.0108367056 0.0000428995
0.0025910959 0.0000429239
-0.0122416392 0.0000424278
-0.0134934708 0.0000420238
-0.0052625537 0.0000416933
0.0095964149 0.0000413798
0.0108908117 0.0000412471
0.0027114302 0.0000412315
-0.0120685175 0.0000412021
-0.0133486465 0.0000411445
-0.0052036420 0.0000410494
0.0095280483 0.0000408996
0.0108006746 0.0000408754
0.0026736259 0.0000409354
-0.0119803846 0.0000406825
-0.0132388473 0.0000404567
-0.0051442310 0.0000402457
0.0094869882 0.0000400029
0.0107549801 0.0000398995
0.0026910231 0.0000398800
-0.0118773580 0.0000398672
-0.0131413490 0.0000398135
-0.0051174834 0.0000397359
0.0093970299 0.0000395924
0.0106502324 0.0000395662
0.0026424751 0.0000396052
-0.0118195191 0.0000396370
-0.0130760223 0.0000396148
-0.0051134974 0.0000395591
0.0092904270 0.0000394242
0.0105340779 0.0000394038
0.0025860369 0.0000394625
-0.0117667913 0.0000394850
-0.0130138025 0.0000394577
-0.0051121116 0.0000394223
0.0091823861 0.0000393141
0.0104160532 0.0000393032
0.0025285035 0.0000393650
-0.0117162541 0.0000394214
-0.0129539818 0.0000394058
-0.0051123351 0.0000393671
0.0090737864 0.0000392347
0.0102983192 0.0000392047
0.0024714097 0.0000392526
0.0056064948 0.0000386702
-0.0008611232 0.0000382992
-0.0101079196 0.0000374732
-0.0078774244 0.0000368428
0.0023702309 0.0000363487
0.0009235889 0.0000359567
-0.0087523237 0.0000357167
-0.0068634078 0.0000354941
0.0030986592 0.0000352853
0.0014315546 0.0000351813
-0.0083327591 0.0000351110
-0.0065558031 0.0000350087
0.0032771081 0.0000348843
0.0015702620 0.0000348421
-0.0081865713 0.0000348512
-0.0064554960 0.0000348064
0.0032943040 0.0000347260
0.0015800893 0.0000347140
-0.0081313699 0.0000347426
-0.0064188391 0.0000347131
0.0032689273 0.0000346411
0.0015615225 0.0000346290
-0.0080968067 0.0000346567
-0.0063952953 0.0000346260
0.0032371283 0.0000345543
0.0015381649 0.0000345442
-0.0080540702 0.0000345242
-0.0063525215 0.0000344613
0.0032340512 0.0000343682
0.0015506223 0.0000343307
-0.0079801828 0.0000342744
-0.0062806532 0.0000341875
0.0032605752 0.0000340757
0.0015886724 0.0000340287
0.0087549016 0.0000339018
0.0054392591 0.0000338560
-0.0051885918 0.0000338644
-0.0043204799 0.0000338209
0.0045735687 0.0000337386
0.0025134534 0.0000337219
-0.0071894601 0.0000337386
-0.0057208166 0.0000337042
0.0035483912 0.0000336297
0.0017955750 0.0000336147
-0.0076473430 0.0000336238
-0.0060409009 0.0000335850
0.0032805130 0.0000335088
0.0016089678 0.0000334822
-0.0077350810 0.0000334930
-0.0061028749 0.0000334525
0.0031930283 0.0000333782
0.0015466437 0.0000333551
-0.0077349022 0.0000333533
-0.0061023012 0.0000333055
0.0031511784 0.0000332187
0.0015185028 0.0000331850
-0.0077105612 0.0000331706
-0.0060839877 0.0000331123
0.0031223744 0.0000330260
0.0014988855 0.0000329943
-0.0076631382 0.0000328845
-0.0060317591 0.0000327582
0.0031363890 0.0000326188
0.0015285164 0.0000325444
-0.0075944290 0.0000324631
-0.0059773251 0.0000323594
0.0031387061 0.0000322367
0.0015421808 0.0000321220
-0.0075276345 0.0000319930
-0.0059154704 0.0000318550
0.0031556040 0.0000317122
0.0015624389 0.0000316413
-0.0074683279 0.0000315687
-0.0058702081 0.0000314712
0.0031484514 0.0000313541
0.0015616640 0.0000312919
-0.0074256137 0.0000312532
-0.0058398247 0.0000311808
0.0031276122 0.0000310843
0.0015474632 0.0000310386
-0.0073915496 0.0000309931
-0.0058141947 0.0000309168
0.0031047538 0.0000308175
0.0015325397 0.0000307738
-0.0073524266 0.0000306744
-0.0057800859 0.0000305631
0.0030938163 0.0000304377
0.0015324056 0.0000303666
-0.0073068142 0.0000302745
-0.0057442039 0.0000301675
0.0030808970 0.0000300425
0.0015290380 0.0000299469
-0.0072656795 0.0000298822
-0.0057139471 0.0000297945
0.0030613244 0.0000296872
0.0015151724 0.0000296230
-0.0072092414 0.0000294076
-0.0056499243 0.0000292135
0.0030891523 0.0000290345
0.0015586019 0.0000289275
-0.0069578066 0.0000285650
-0.0052917525 0.0000282687
0.0034848079 0.0000280189
0.0020175874 0.0000278692
-0.0065912753 0.0000277465
-0.0050294921 0.0000276198
0.0036328137 0.0000274885
0.0021270514 0.0000274226
-0.0064668730 0.0000273555
-0.0049368143 0.0000272701
0.0036608800 0.0000271674
0.0021529868 0.0000271191
-0.0064061880 0.0000270981
-0.0048942119 0.0000270457
0.0036478490 0.0000269698
0.0021434501 0.0000269411
-0.0063619912 0.0000268749
-0.0048550144 0.0000267898
0.0036415458 0.0000266904
0.0021477342 0.0000266398
-0.0063160509 0.0000266079
-0.0048224255 0.0000265509
0.0036225617 0.0000264662
0.0021345243 0.0000264312
-0.0062821954 0.0000264064
-0.0047982261 0.0000263538
0.0035967231 0.0000262808
0.0021168441 0.0000262509
-0.0062532425 0.0000262379
-0.0047788396 0.0000261939
0.0035671443 0.0000261279
0.0020959526 0.0000260899
-0.0062246621 0.0000260580
-0.0047581866 0.0000259982
0.0035402328 0.0000259155
0.0020774305 0.0000258760
-0.0061948746 0.0000258379
-0.0047368780 0.0000257790
0.0035128966 0.0000256996
0.0020589456 0.0000256501
-0.0061650798 0.0000256024
-0.0047153607 0.0000255323
0.0034869313 0.0000254415
0.0020415485 0.0000253861
-0.0061327294 0.0000253073
-0.0046899840 0.0000252124
0.0034648776 0.0000251103
0.0020281076 0.0000250489
-0.0061008409 0.0000250135
-0.0046690106 0.0000249547
0.0034364983 0.0000248731
0.0020070300 0.0000248303
-0.0060743466 0.0000247967
-0.0046512187 0.0000247397
0.0034057051 0.0000246566
0.0019856766 0.0000245902
-0.0060466975 0.0000245258
-0.0046312660 0.0000244481
0.0033780858 0.0000243526
0.0019667894 0.0000242769
-0.0060183406 0.0000242231
-0.0046119392 0.0000241513
0.0033492371 0.0000240650
0.0019451827 0.0000240107
-0.0059910193 0.0000239354
-0.0045926869 0.0000238505
0.0033210889 0.0000237417
0.0019262806 0.0000236625
-0.0059221685 0.0000234172
-0.0045031384 0.0000232143
0.0033842474 0.0000230343
0.0020114109 0.0000229196
-0.0058200657 0.0000228193
-0.0044302717 0.0000227186
0.0033955127 0.0000226128
0.0020211414 0.0000225455
-0.0057710484 0.0000224927
-0.0043952689 0.0000224202
0.0033784285 0.0000223357
0.0020100102 0.0000222793
-0.0057352632 0.0000222204
-0.0043690503 0.0000221507
0.0033567473 0.0000220564
0.0019962713 0.0000219961
-0.0056952164 0.0000218734
-0.0043328330 0.0000217571
0.0033480600 0.0000216431
0.0019979551 0.0000215672
-0.0056527704 0.0000215179
-0.0043035373 0.0000214539
0.0033259764 0.0000213788
0.0019818991 0.0000213332
-0.0056225508 0.0000212992
-0.0042827353 0.0000212450
0.0032983348 0.0000211639
0.0019625351 0.0000211083
-0.0055944547 0.0000210752
-0.0042639747 0.0000210278
0.0032686666 0.0000209639
0.0019402504 0.0000209307
-0.0055694729 0.0000209131
-0.0042477921 0.0000208766
0.0032363459 0.0000208233
0.0019162744 0.0000207869
-0.0055449530 0.0000207599
-0.0042315349 0.0000207125
0.0032050163 0.0000206463
0.0018950477 0.0000205667
-0.0055141672 0.0000204464
-0.0042059422 0.0000203350
0.0031854212 0.0000202244
0.0018844306 0.0000201339
-0.0054795519 0.0000200527
-0.0041814148 0.0000199690
0.0031611472 0.0000198794
0.0018674508 0.0000198135
-0.0054486468 0.0000197219
-0.0041583553 0.0000196318
0.0031366646 0.0000195387
0.0018510520 0.0000194798
-0.0054190680 0.0000194303
-0.0041386262 0.0000193694
0.0031075999 0.0000192821
0.0018306077 0.0000192130
-0.0053904429 0.0000191268
-0.0041178390 0.0000190386
0.0030813888 0.0000189398
0.0018128082 0.0000188696
-0.0053616986 0.0000188013
-0.0040979832 0.0000187313
0.0030529946 0.0000186513
0.0017924830 0.0000185867
-0.0053328797 0.0000184888
-0.0040765256 0.0000183933
0.0030274317 0.0000182968
0.0017759874 0.0000182184
-0.0053031221 0.0000181513
-0.0040562823 0.0000180785
0.0029993579 0.0000179971
0.0017563924 0.0000179141
-0.0052748695 0.0000178401
-0.0040362701 0.0000177618
0.0029716268 0.0000176762
0.0017365590 0.0000176123
-0.0052476078 0.0000175527
-0.0040177256 0.0000174846
0.0029423833 0.0000173962
0.0017155558 0.0000173244
-0.0052210763 0.0000172664
-0.0039995983 0.0000171970
0.0029125363 0.0000171153
0.0016938522 0.0000170576
-0.0051942766 0.0000169690
-0.0039808229 0.0000168849
0.0028843060 0.0000167912
0.0016749129 0.0000167093
-0.0051656663 0.0000166221
-0.0039605126 0.0000165385
0.0028565228 0.0000164578
0.0016548783 0.0000163938
-0.0051385984 0.0000163390
-0.0039427653 0.0000162770
0.0028263554 0.0000162084
0.0016328990 0.0000161544
-0.0051122531 0.0000160709
-0.0039241761 0.0000159917
0.0027977973 0.0000159082
0.0016131699 0.0000158358
-0.0050841719 0.0000157452
-0.0039044172 0.0000156649
0.0027700961 0.0000155819
0.0015934631 0.0000155249
-0.0050568283 0.0000154531
-0.0038856342 0.0000153877
0.0027408600 0.0000153178
0.0015725195 0.0000152666
-0.0050303787 0.0000152135
-0.0038680360 0.0000151548
0.0027107149 0.0000150823
0.0015508682 0.0000150299
-0.0050044730 0.0000149630
-0.0038504377 0.0000148966
0.0026808530 0.0000148165
0.0015297830 0.0000147502
-0.0049778745 0.0000146798
-0.0038320348 0.0000146110
0.0026516169 0.0000145358
0.0015086755 0.0000144792
-0.0049514025 0.0000144122
-0.0038138703 0.0000143466
0.0026222318 0.0000142707
0.0014877170 0.0000142051
-0.0049245209 0.0000141301
-0.0037955716 0.0000140624
0.0025930405 0.0000139857
0.0014672428 0.0000139126
-0.0048938543 0.0000137953
-0.0037706792 0.0000136992
0.0025723055 0.0000136120
0.0014560148 0.0000135475
-0.0048604608 0.0000134800
-0.0037472323 0.0000134158
0.0025471896 0.0000133509
0.0014384761 0.0000133034
-0.0048312172 0.0000132439
-0.0037266910 0.0000131861
0.0025199279 0.0000131284
0.0014195740 0.0000130772
-0.0048029721 0.0000130283
-0.0037070960 0.0000129802
0.0024916828 0.0000129303
0.0013993531 0.0000128888
-0.0047756732 0.0000128424
-0.0036884248 0.0000127960
0.0024628937 0.0000127421
0.0013788715 0.0000126991
-0.0047488660 0.0000126570
-0.0036701858 0.0000126127
0.0024336427 0.0000125554
0.0013582110 0.0000125016
-0.0047215596 0.0000124432
-0.0036509112 0.0000123856
0.0024053827 0.0000123278
0.0013381019 0.0000122853
-0.0046946108 0.0000122463
-0.0036326423 0.0000122019
0.0023758560 0.0000121519
0.0013171509 0.0000121008
-0.0046676695 0.0000120434
-0.0036139190 0.0000119905
0.0023474768 0.0000119381
0.0012975186 0.0000118787
-0.0046369731 0.0000117872
-0.0035891458 0.0000117122
0.0023265481 0.0000116442
0.0012852475 0.0000115940
-0.0046044886 0.0000115535
-0.0035671890 0.0000115140
0.0022996590 0.0000114690
0.0012662858 0.0000114309
-0.0045734644 0.0000113569
-0.0035424307 0.0000112933
0.0022784472 0.0000112356
0.0012542605 0.0000111924
-0.0045407191 0.0000111557
-0.0035198927 0.0000111187
0.0022523329 0.0000110767
0.0012357980 0.0000110438
-0.0045122579 0.0000110126
-0.0035000294 0.0000109787
0.0022244751 0.0000109395
0.0012162402 0.0000109036
-0.0044830889 0.0000108484
-0.0034784749 0.0000107984
0.0021995902 0.0000107514
0.0011996329 0.0000107169
-0.0044531226 0.0000106738
-0.0034571066 0.0000106308
0.0021730587 0.0000105883
0.0011818632 0.0000105512
-0.0044219270 0.0000104898
-0.0034331605 0.0000104369
0.0021507442 0.0000103877
0.0011678934 0.0000103519
-0.0043903142 0.0000103156
-0.0034111366 0.0000102802
0.0021245256 0.0000102434
0.0011495352 0.0000102152
-0.0043607280 0.0000101720
-0.0033897385 0.0000101309
0.0020986721 0.0000100881
0.0011324584 0.0000100564
-0.0043313727 0.0000100314
-0.0033695400 0.0000100040
0.0020708814 0.0000099737
0.0011122301 0.0000099513
-0.0043010861 0.0000098942
-0.0033452064 0.0000098438
0.0020493791 0.0000097976
0.0011004508 0.0000097652
-0.0042671710 0.0000097236
-0.0033207461 0.0000096857
0.0020260885 0.0000096478
0.0010848567 0.0000096223
-0.0042367503 0.0000095991
-0.0032997653 0.0000095732
0.0019989014 0.0000095453
0.0010657683 0.0000095208
-0.0042082667 0.0000094931
-0.0032795146 0.0000094646
0.0019717813 0.0000094333
0.0010469928 0.0000094105
-0.0041798875 0.0000093844
-0.0032596290 0.0000093567
0.0019440502 0.0000093258
0.0010277554 0.0000093004
-0.0041503459 0.0000092540
-0.0032370612 0.0000092128
0.0019200593 0.0000091733
0.0010125414 0.0000091449
-0.0041197762 0.0000091228
-0.0032161325 0.0000090976
0.0018928647 0.0000090700
0.0009931326 0.0000090490
-0.0040911883 0.0000090140
-0.0031953305 0.0000089817
0.0018664896 0.0000089502
0.0009755045 0.0000089252
-0.0040622279 0.0000089019
-0.0031753555 0.0000088768
0.0018390119 0.0000088481
0.0009558424 0.0000088281
-0.0040343553 0.0000088054
-0.0031560212 0.0000087813
0.0018107370 0.0000087554
0.0009362102 0.0000087290
-0.0040067509 0.0000087036
-0.0031366572 0.0000086767
0.0017828941 0.0000086495
0.0009163767 0.0000086296
-0.0039791986 0.0000086054
-0.0031175688 0.0000085800
0.0017544031 0.0000085529
0.0008965880 0.0000085288
-0.0039492548 0.0000084794
-0.0030938461 0.0000084364
0.0017323866 0.0000083964
0.0008838028 0.0000083647
-0.0039165094 0.0000083348
-0.0030707344 0.0000083062
0.0017072260 0.0000082756
0.0008665919 0.0000082497
-0.0038868114 0.0000082219
-0.0030496493 0.0000081957
0.0016810894 0.0000081683
0.0008484200 0.0000081470
-0.0038561001 0.0000081068
-0.0030261949 0.0000080726
0.0016581863 0.0000080408
0.0008342639 0.0000080184
-0.0038244352 0.0000079959
-0.0030039847 0.0000079725
0.0016321540 0.0000079482
0.0008162856 0.0000079310
-0.0037956089 0.0000079119
-0.0029838681 0.0000078927
0.0016047657 0.0000078704
0.0007969290 0.0000078539
-0.0037668720 0.0000078268
-0.0029629841 0.0000078008
0.0015785769 0.0000077754
0.0007791892 0.0000077569
-0.0037375838 0.0000077346
-0.0029425249 0.0000077128
0.0015515238 0.0000076903
0.0007605925 0.0000076722
-0.0037093386 0.0000076546
-0.0029225200 0.0000076359
0.0015238300 0.0000076157
0.0007411093 0.0000075987
-0.0036811903 0.0000075758
-0.0029027089 0.0000075537
0.0014965534 0.0000075300
0.0007224008 0.0000075081
-0.0036522225 0.0000074790
-0.0028817654 0.0000074524
0.0014707223 0.0000074257
0.0007047579 0.0000074060
-0.0036230981 0.0000073862
-0.0028614402 0.0000073665
0.0014431626 0.0000073464
0.0006855428 0.0000073297
-0.0035948008 0.0000073032
-0.0028410032 0.0000072782
0.0014165342 0.0000072533
0.0006676465 0.0000072332
-0.0035659298 0.0000072140
-0.0028209239 0.0000071944
0.0013891459 0.0000071740
0.0006487817 0.0000071500
-0.0035368800 0.0000071247
-0.0028000623 0.0000071006
0.0013629049 0.0000070772
0.0006303862 0.0000070573
-0.0035079345 0.0000070324
-0.0027793422 0.0000070084
0.0013362840 0.0000069838
0.0006124228 0.0000069602
-0.0034765974 0.0000069225
-0.0027546361 0.0000068904
0.0013150945 0.0000068598
0.0006002113 0.0000068365
-0.0034384802 0.0000067984
-0.0027224645 0.0000067668
0.0013019517 0.0000067392
0.0005964711 0.0000067181
-0.0033992231 0.0000067005
-0.0026945919 0.0000066838
0.0012805313 0.0000066664
0.0005819798 0.0000066540
-0.0033674613 0.0000066402
-0.0026716590 0.0000066262
0.0012556762 0.0000066120
0.0005647913 0.0000066031
-0.0033329204 0.0000065751
-0.0026422665 0.0000065513
0.0012402236 0.0000065299
0.0005593449 0.0000065159
-0.0032945871 0.0000065006
-0.0026146248 0.0000064856
0.0012188032 0.0000064708
0.0005455911 0.0000064602
-0.0032623932 0.0000064503
-0.0025917217 0.0000064394
0.0011937320 0.0000064275
0.0005283952 0.0000064189
-0.0032140166 0.0000063865
-0.0025388673 0.0000063598
0.0012090802 0.0000063372
0.0005580112 0.0000063227
-0.0031517372 0.0000063118
-0.0024947077 0.0000063005
0.0011993125 0.0000062885
0.0005518422 0.0000062804
-0.0031135604 0.0000062739
-0.0024671257 0.0000062657
0.0011776164 0.0000062564
0.0005378500 0.0000062481
-0.0030792430 0.0000062354
-0.0024403036 0.0000062228
0.0011579096 0.0000062102
0.0005266219 0.0000062012
0.0024516582 0.0000061510
0.0006644130 0.0000061176
-0.0037016124 0.0000060959
-0.0036385581 0.0000060783
-0.0004968867 0.0000060635
-0.0000119060 0.0000060148
-0.0027716979 0.0000059819
-0.0016082153 0.0000059558
0.0022795200 0.0000059346
0.0019253939 0.0000059221
-0.0013745353 0.0000059157
-0.0006346405 0.0000059083
-0.0031380132 0.0000059022
-0.0018668473 0.0000058952
0.0020254403 0.0000058876
0.0017451793 0.0000058847
-0.0014328212 0.0000058848
-0.0006775782 0.0000058823
0.0028089955 0.0000058774
0.0022913963 0.0000058762
-0.0010068268 0.0000058777
-0.0003808811 0.0000058759
-0.0028561801 0.0000058753
-0.0016791970 0.0000058723
0.0020346120 0.0000058677
0.0017425641 0.0000058667
-0.0013322979 0.0000058682
-0.0006162748 0.0000058666
0.0027324185 0.0000058623
0.0022289827 0.0000058614
-0.0009498075 0.0000058628
-0.0003497601 0.0000058613
0.0028752014 0.0000058566
0.0023282170 0.0000058554
-0.0008378848 0.0000058565
-0.0002716705 0.0000058548
0.0028868765 0.0000058499
0.0023362637 0.0000058485
-0.0007899329 0.0000058495
-0.0002382100 0.0000058475
0.0028668046 0.0000058410
0.0023212284 0.0000058383
-0.0007595643 0.0000058383
-0.0002179742 0.0000058351
0.0028389469 0.0000058297
0.0023015514 0.0000058278
-0.0007313266 0.0000058283
-0.0001982376 0.0000058263
0.0028107837 0.0000058224
0.0022816956 0.0000058215
-0.0007035360 0.0000058226
-0.0001790673 0.0000058197
0.0027821958 0.0000058149
0.0022616833 0.0000058134
-0.0006760433 0.0000058140
-0.0001598299 0.0000058116
-0.0023530722 0.0000058106
-0.0013388172 0.0000058077
0.0019008145 0.0000058034
0.0016369894 0.0000058021
-0.0010593161 0.0000058029
-0.0004371107 0.0000057998
0.0024873987 0.0000057918
0.0020448789 0.0000057877
-0.0007343590 0.0000057865
-0.0002114922 0.0000057832
0.0026029721 0.0000057777
0.0021252632 0.0000057755
-0.0006368458 0.0000057755
-0.0001434907 0.0000057733
0.0026090816 0.0000057683
0.0021291897 0.0000057663
-0.0005927831 0.0000057663
-0.0001128316 0.0000057639
-0.0008875057 0.0000057285
0.0009462088 0.0000057012
-0.0001394302 0.0000056837
-0.0031622350 0.0000056640
-0.0029257461 0.0000056479
-0.0004308075 0.0000056344
0.0036273822 0.0000056225
0.0041452646 0.0000056161
0.0022081435 0.0000056134
-0.0014267415 0.0000056134
-0.0016842484 0.0000056114
0.0003995225 0.0000056079
-0.0004005879 0.0000056069
0.0012834668 0.0000056039
0.0002263412 0.0000056035
0.0017095953 0.0000056010
0.0005344674 0.0000056009
-0.0024809614 0.0000056023
-0.0023950785 0.0000056014
-0.0001597926 0.0000055989
0.0035618916 0.0000055933
0.0039998218 0.0000055911
0.0021609068 0.0000055911
-0.0012528002 0.0000055927
-0.0015082955 0.0000055920
0.0004253238 0.0000055896
0.0038733631 0.0000055859
0.0041842684 0.0000055849
0.0023204684 0.0000055857
-0.0010463297 0.0000055878
-0.0013327375 0.0000055873
0.0005159527 0.0000055852
-0.0002339706 0.0000055850
0.0012709126 0.0000055824
0.0003023148 0.0000055818
-0.0023775622 0.0000055825
-0.0022484586 0.0000055813
-0.0001736134 0.0000055789
-0.0007025301 0.0000055775
0.0008931011 0.0000055747
0.0000508204 0.0000055740
-0.0024766177 0.0000055724
-0.0023035780 0.0000055697
-0.0002608672 0.0000055662
0.0030737296 0.0000055620
0.0034933016 0.0000055603
0.0018937364 0.0000055605
-0.0011001676 0.0000055619
-0.0013140067 0.0000055611
0.0003968552 0.0000055588
-0.0001360476 0.0000055409
-0.0023481101 0.0000055291
-0.0020569265 0.0000055191
-0.0000345558 0.0000055104
-0.0004202649 0.0000055001
0.0011109412 0.0000054892
0.0003873706 0.0000054827
0.0016565099 0.0000054715
0.0007714257 0.0000054648
-0.0016016662 0.0000054611
-0.0015060231 0.0000054570
0.0002969652 0.0000054524
-0.0001735166 0.0000054497
0.0012147501 0.0000054452
0.0004753917 0.0000054432
-0.0017328709 0.0000054423
-0.0015852526 0.0000054402
0.0001913533 0.0000054372
-0.0002356693 0.0000054358
0.0011203960 0.0000054325
0.0004212558 0.0000054311
-0.0016894341 0.0000054263
-0.0015355870 0.0000054215
0.0001828298 0.0000054168
-0.0002227798 0.0000054142
0.0010848120 0.0000054077
0.0004137680 0.0000054040
-0.0016222671 0.0000054017
-0.0014785528 0.0000053988
0.0001705140 0.0000053954
-0.0002214611 0.0000053936
0.0010344535 0.0000053902
0.0003897324 0.0000053887
-0.0015657842 0.0000053883
-0.0014282316 0.0000053866
0.0001543090 0.0000053842
0.0027301535 0.0000053786
0.0030547380 0.0000053755
0.0018241554 0.0000053744
-0.0004760399 0.0000053744
-0.0006396845 0.0000053728
0.0006711334 0.0000053698
0.0001679435 0.0000053681
-0.0015822053 0.0000053640
-0.0014050305 0.0000053598
0.0001009330 0.0000053557
0.0025200173 0.0000053502
0.0028381571 0.0000053473
0.0017073676 0.0000053460
-0.0004196689 0.0000053459
-0.0005657300 0.0000053443
0.0006533638 0.0000053417
0.0001913384 0.0000053375
-0.0014290735 0.0000053347
-0.0012647435 0.0000053315
0.0001285523 0.0000053279
0.0023650825 0.0000053234
0.0026592389 0.0000053211
0.0016153306 0.0000053201
-0.0003471971 0.0000053201
-0.0029359236 0.0000053197
-0.0035160854 0.0000053183
-0.0027124360 0.0000053164
-0.0009586662 0.0000053141
0.0014443696 0.0000053111
0.0019363463 0.0000053096
0.0011125207 0.0000053093
-0.0006135628 0.0000053093
-0.0006667376 0.0000053076
0.0004303530 0.0000053051
0.0000681952 0.0000053031
0.0009146556 0.0000052919
0.0003987849 0.0000052846
-0.0010417476 0.0000052749
-0.0009584203 0.0000052671
0.0001711845 0.0000052607
0.0020155758 0.0000052549
0.0022428557 0.0000052515
0.0013599992 0.0000052497
-0.0002822578 0.0000052490
-0.0004003420 0.0000052475
-0.0014912561 0.0000052464
-0.0012478679 0.0000052448
-0.0000905618 0.0000052428
0.0016837940 0.0000052355
0.0019448549 0.0000052309
0.0011676848 0.0000052281
-0.0003174618 0.0000052267
-0.0004088283 0.0000052245
0.0004407242 0.0000052162
0.0001129285 0.0000052099
-0.0008816719 0.0000051983
-0.0006725714 0.0000051894
0.0003586933 0.0000051823
0.0002013221 0.0000051762
0.0009581968 0.0000051710
0.0006261915 0.0000051679
-0.0004482269 0.0000051662
-0.0003567860 0.0000051636
0.0005303100 0.0000051607
0.0003304929 0.0000051588
-0.0006084219 0.0000051569
-0.0004646257 0.0000051547
0.0004170388 0.0000051522
0.0002543107 0.0000051509
-0.0006188676 0.0000051499
-0.0004705265 0.0000051486
0.0003721267 0.0000051471
0.0002237856 0.0000051464
-0.0005981103 0.0000051462
-0.0004556999 0.0000051454
0.0003412664 0.0000051441
0.0002025813 0.0000051436
-0.0005630627 0.0000051410
-0.0004232228 0.0000051384
0.0003306791 0.0000051359
0.0002034232 0.0000051342
-0.0005204678 0.0000051333
-0.0003929511 0.0000051320
0.0003106594 0.0000051305
0.0001920164 0.0000051285
-0.0004844293 0.0000051273
-0.0003651604 0.0000051259
0.0002909750 0.0000051243
0.0001783147 0.0000051235
-0.0004504770 0.0000051222
-0.0003396273 0.0000051208
-0.0007958189 0.0000051199
-0.0005866736 0.0000051187
